00103;3;10238532;171,00
00105;1;10098713;347,00
00106;1;10189311;4529,00
00108;1;10104420;4359,00
00112;1;10134589;1984,00
00114;3;10201436;3624,00
00115;3;10015898;647,00
00118;3;10103272;4607,00
00122;2;10105632;4340,00
00123;2;10243123;1923,00
00124;1;10099465;4701,00
00126;1;10077725;1022,00
00129;3;10123521;568,00
00130;3;10053057;1533,00
00134;3;10203344;4548,00
00136;1;10208003;1516,00
00139;1;10183445;5805,00
00142;2;10074600;3772,00
00144;3;10003110;3110,00
00146;1;10202767;3924,00
00149;3;10268647;2543,00
00152;1;10183575;2885,00
00153;1;10162345;3804,00
00154;2;10113972;4852,00
00156;3;10195495;2306,00
00158;3;10122294;5786,00
00159;1;10017297;5433,00
00161;1;10077286;663,00
00164;3;10054774;3179,00
00167;1;10228420;231,00
00169;3;10084944;4486,00
00172;1;10056965;3197,00
00173;1;10166060;5229,00
00174;2;10127107;5878,00
00176;1;10074414;296,00
00180;3;10225733;1622,00
00184;1;10108022;4925,00
00185;1;10014220;251,00
00188;3;10184679;101,00
00190;1;10026828;2813,00
00192;3;10237374;5290,00
00196;3;10037985;3513,00
00198;1;10256453;107,00
00201;3;10166879;1828,00
00203;1;10130203;3080,00
00206;2;10080653;452,00
00208;2;10178963;4906,00
00210;3;10114920;2294,00
00212;1;10119399;1237,00
00215;1;10121133;2619,00
00218;1;10192857;3945,00
00219;1;10016286;1820,00
00223;1;10136291;3385,00
00225;3;10211132;305,00
00229;1;10089916;746,00
00232;3;10254994;3084,00
00236;2;10165117;2916,00
00238;3;10165980;1095,00
00240;2;10117665;1025,00
00244;2;10062270;1983,00
00248;1;10136291;533,00
00249;3;10248205;5822,00
00252;3;10173787;523,00
00254;1;10086900;294,00
00255;2;10219554;4848,00
00258;3;10091314;5029,00
00259;1;10237653;2554,00
00262;2;10181400;4799,00
00266;1;10229407;3596,00
00268;3;10271335;2155,00
00270;2;10244877;1980,00
00273;1;10274000;4061,00
00277;2;10223778;3503,00
00279;1;10214677;463,00
00280;2;10200333;2443,00
00284;2;10000914;2977,00
00287;3;10086469;4811,00
00289;1;10010293;907,00
00292;2;10050672;2126,00
00295;3;10054262;807,00
00296;3;10057114;290,00
00299;3;10031486;5442,00
00302;1;10064366;1367,00
00306;1;10023740;1450,00
00310;2;10241087;4686,00
00314;3;10173787;1474,00
00315;2;10224466;1501,00
00319;2;10027486;963,00
00323;1;10052429;3008,00
00327;3;10217266;2206,00
00329;3;10202481;3778,00
00330;1;10110368;4943,00
00334;1;10180845;5269,00
00337;2;10236784;494,00
00339;1;10158042;463,00
00340;1;10172509;1214,00
00342;1;10040686;1375,00
00346;2;10062270;5231,00
00347;3;10166933;4094,00
00349;3;10197921;1315,00
00350;3;10077478;996,00
00354;3;10078857;2734,00
00358;3;10107219;1749,00
00362;1;10241784;2079,00
00364;2;10102084;4712,00
00366;3;10096785;5865,00
00367;2;10209283;5904,00
00371;1;10086900;1364,00
00372;2;10077478;5975,00
00374;3;10011959;5228,00
00377;3;10262732;3282,00
00380;1;10126736;1081,00
00383;3;10056965;2538,00
00385;3;10262529;3468,00
00389;2;10166584;3230,00
00393;2;10054010;4901,00
00397;2;10078970;1822,00
00401;3;10277968;3079,00
00405;1;10251777;2139,00
00407;1;10122104;5874,00
00410;3;10224689;5369,00
00412;1;10011148;4166,00
00414;2;10222064;2059,00
00416;3;10164928;1580,00
00417;2;10187326;1647,00
00418;1;10267819;3087,00
00420;1;10074285;335,00
00421;2;10021743;2442,00
00424;3;10093810;3837,00
00427;1;10200712;2151,00
00428;2;10277841;666,00
00429;1;10256049;5120,00
00431;2;10019457;5009,00
00433;2;10263068;3165,00
00437;2;10265049;5652,00
00439;3;10039698;5277,00
00443;3;10251394;3943,00
00445;3;10217883;549,00
00448;3;10186579;405,00
00449;1;10268647;702,00
00453;3;10204403;4408,00
00456;3;10052225;2841,00
00458;3;10259494;813,00
00462;1;10178760;3110,00
00463;1;10191833;38,00
00465;2;10178070;1021,00
00467;3;10219866;4101,00
00469;1;10206426;469,00
00473;2;10123521;5024,00
00476;3;10065032;3542,00
00478;3;10130172;5060,00
00481;3;10076693;4991,00
00483;2;10013107;4537,00
00484;1;10108373;2333,00
00488;2;10104187;847,00
00490;3;10258278;2018,00
00491;1;10163827;5270,00
00495;1;10104187;3352,00
00497;3;10236996;749,00
00500;1;10157696;5998,00
00501;2;10232063;5310,00
00505;3;10090119;3385,00
00508;1;10206916;1484,00
00512;3;10003089;1620,00
00515;3;10173627;3623,00
00519;2;10047908;113,00
00520;1;10257700;985,00
00523;1;10102325;1251,00
00524;2;10131793;5833,00
00528;1;10102781;877,00
00532;1;10155153;2291,00
00535;2;10221977;5578,00
00536;1;10140959;4636,00
00538;2;10223207;2895,00
00542;3;10277860;761,00
00544;3;10262283;1029,00
00548;1;10003419;3355,00
00549;1;10146520;328,00
00552;3;10082344;771,00
00555;1;10166340;3657,00
00557;2;10045060;1743,00
00561;2;10092816;4618,00
00563;3;10091851;3190,00
00567;3;10074841;4323,00
00571;2;10155455;588,00
00572;2;10226418;2007,00
00576;2;10044863;4826,00
00580;3;10172827;4092,00
00581;1;10003235;3162,00
00582;3;10011036;361,00
00584;3;10277397;214,00
00585;3;10158985;5067,00
00586;1;10017259;3741,00
00588;1;10022677;5695,00
00592;3;10030116;735,00
00595;3;10236462;5479,00
00598;3;10084944;41,00
00599;3;10171628;1704,00
00602;1;10109299;2249,00
00604;3;10245250;5543,00
00607;3;10053057;3389,00
00611;2;10096475;1673,00
00614;2;10187836;2620,00
00618;1;10215672;493,00
00619;1;10135779;5066,00
00621;1;10184564;5158,00
00622;2;10199097;5632,00
00624;2;10081823;1212,00
00625;3;10079880;3437,00
00626;2;10088091;4335,00
00627;1;10213008;5271,00
00629;1;10238181;3472,00
00633;2;10115380;3621,00
00634;3;10191997;3008,00
00635;3;10055379;844,00
00639;3;10211245;2192,00
00642;1;10072214;1108,00
00644;1;10025723;2382,00
00645;1;10225321;3685,00
00649;3;10139661;2375,00
00650;3;10141407;300,00
00654;3;10106704;4761,00
00657;3;10014220;5771,00
00660;2;10008651;207,00
00664;3;10227005;4238,00
00667;2;10125783;2350,00
00668;1;10032940;5166,00
00672;2;10257129;397,00
00676;1;10278015;1215,00
00678;1;10100517;38,00
00681;1;10086469;970,00
00684;1;10007117;5962,00
00687;3;10185808;5693,00
00688;3;10255410;5010,00
00690;3;10060807;1503,00
00691;1;10065328;4698,00
00693;3;10195808;3246,00
00694;1;10162618;2095,00
00698;3;10014220;1734,00
00699;3;10225799;1886,00
00702;1;10014025;1959,00
00705;1;10077478;1136,00
00708;3;10130922;1953,00
00711;1;10136291;494,00
00713;3;10131148;294,00
00715;1;10046009;310,00
00717;1;10131707;1368,00
00721;3;10224634;4792,00
00725;2;10237173;4926,00
00729;1;10017815;5155,00
00733;1;10217058;349,00
00736;3;10219554;651,00
00739;1;10100407;621,00
00743;1;10148336;5380,00
00747;1;10069270;1050,00
00748;2;10205280;1158,00
00752;1;10195140;4128,00
00755;1;10152700;4493,00
00758;3;10120554;5980,00
00760;1;10035704;4807,00
00761;1;10165541;5003,00
00763;2;10242804;4646,00
00767;1;10273276;5375,00
00771;1;10002670;661,00
00775;2;10119540;5780,00
00779;1;10012499;1455,00
00781;1;10018865;5467,00
00785;1;10270681;3911,00
00787;2;10255193;202,00
00790;1;10079504;903,00
00792;3;10004421;185,00
00795;1;10057312;2911,00
00797;2;10172969;4329,00
00799;3;10179463;5541,00
00803;3;10106532;3429,00
00804;1;10110873;5202,00
00806;3;10189587;5191,00
00810;3;10117919;1269,00
00812;3;10236784;2620,00
00816;3;10199951;5178,00
00818;3;10270110;5658,00
00821;3;10139875;813,00
00823;2;10278399;4559,00
00825;2;10224129;3124,00
00829;2;10187836;3866,00
00830;2;10199368;5914,00
00834;2;10037343;3535,00
00837;3;10028808;5942,00
00838;3;10078760;4137,00
00840;1;10082344;3685,00
00843;1;10082344;1486,00
00844;1;10118961;3894,00
00845;1;10108373;3709,00
00848;1;10169526;4543,00
00849;3;10113292;342,00
00852;1;10144138;4073,00
00853;1;10251560;3405,00
00857;2;10150052;1974,00
00859;3;10022619;5087,00
00862;1;10125215;1719,00
00863;2;10145670;593,00
00867;3;10051118;1724,00
00868;1;10138906;4760,00
00871;2;10089594;2953,00
00872;2;10238003;5085,00
00874;3;10006525;1163,00
00876;2;10172384;951,00
00877;3;10042544;4106,00
00881;3;10093768;161,00
00883;1;10028254;428,00
00885;2;10242696;4880,00
00888;3;10138642;2173,00
00892;3;10196189;5726,00
00895;2;10261443;5991,00
00897;2;10030436;1199,00
00901;3;10261019;16,00
00904;2;10002637;2648,00
00905;3;10044863;1063,00
00908;3;10278015;5347,00
00909;1;10213008;2345,00
00913;2;10086030;4014,00
00916;3;10079880;1354,00
00920;3;10184771;3446,00
00921;3;10121332;614,00
00925;1;10197517;3203,00
00928;3;10267973;1967,00
00932;3;10177438;4344,00
00933;1;10081147;2025,00
00937;2;10078032;852,00
00938;1;10139818;5903,00
00942;1;10179463;1814,00
00943;1;10258036;817,00
00944;1;10134665;2150,00
00946;3;10111573;1604,00
00948;3;10246580;2457,00
00951;1;10226418;5240,00
00952;3;10145510;3362,00
00954;2;10025495;5577,00
00956;2;10113835;1330,00
00958;3;10099046;1809,00
00961;1;10073130;3734,00
00962;2;10170824;5021,00
00964;1;10244572;1845,00
00965;3;10259494;1020,00
00969;2;10240777;753,00
00971;2;10075103;3608,00
00975;1;10213444;4361,00
00979;2;10052859;88,00
00981;1;10184150;1709,00
00983;1;10149395;2025,00
00984;2;10205280;4215,00
00988;2;10275478;3427,00
00989;1;10262194;4146,00
00993;3;10091567;2016,00
00995;3;10269103;4549,00
00999;2;10127342;2576,00
01003;3;10238226;658,00
01007;1;10159300;2676,00
01010;2;10121716;1706,00
01013;1;10042153;5426,00
01015;2;10156802;777,00
01017;3;10173161;3418,00
01020;2;10103364;2037,00
01021;1;10096982;3534,00
01024;1;10028254;4436,00
01028;1;10186994;644,00
01029;1;10271125;1971,00
01030;1;10241466;1690,00
01032;1;10026158;2678,00
01035;1;10126941;5666,00
01036;1;10224001;4620,00
01039;1;10000626;5970,00
01043;1;10246748;579,00
01045;3;10268402;2221,00
01049;3;10109471;5258,00
01052;3;10239726;1579,00
01053;1;10030075;655,00
01054;1;10178672;870,00
01056;3;10101632;5024,00
01058;1;10204147;1521,00
01062;1;10152169;2536,00
01065;1;10068398;1382,00
01066;1;10093939;5027,00
01068;1;10231139;883,00
01071;1;10014025;4306,00
01073;1;10132108;5029,00
01077;1;10030075;3337,00
01078;3;10162983;2893,00
01082;2;10123521;3113,00
01085;1;10194032;4722,00
01089;3;10013486;140,00
01091;1;10054454;2170,00
01093;1;10270880;712,00
01096;1;10010170;593,00
01100;1;10154336;5290,00
01103;3;10264767;2267,00
01106;1;10228420;5941,00
01109;3;10134247;5237,00
01110;1;10100857;5818,00
01114;3;10158576;2054,00
01117;1;10188252;5869,00
01119;2;10224160;58,00
01120;1;10047908;5350,00
01124;2;10278399;1367,00
01128;1;10168694;3618,00
01131;2;10241677;4018,00
01134;1;10211245;5404,00
01138;2;10249315;1645,00
01139;1;10158042;4417,00
01143;1;10051837;1546,00
01147;3;10077036;735,00
01148;1;10039698;1206,00
01150;1;10092747;5116,00
01154;3;10025321;302,00
01157;3;10193692;4414,00
01160;3;10174727;5757,00
01163;3;10049139;282,00
01164;3;10062946;1414,00
01168;3;10199829;5111,00
01169;3;10088184;705,00
01170;2;10161697;572,00
01171;2;10060591;3840,00
01175;3;10202260;2540,00
01177;3;10261150;5147,00
01181;1;10176509;2236,00
01183;3;10141946;5613,00
01186;3;10193471;2166,00
01190;1;10090593;4515,00
01193;1;10039335;516,00
01195;3;10225321;4757,00
01197;1;10242292;1032,00
01199;3;10081732;4588,00
01200;3;10014537;1536,00
01202;3;10129981;2404,00
01205;2;10176371;4823,00
01206;1;10097737;4255,00
01208;2;10132665;621,00
01209;2;10057312;2515,00
01210;2;10227477;1583,00
01212;3;10217266;1206,00
01213;1;10240683;1329,00
01214;1;10275506;3219,00
01215;1;10008442;5247,00
01216;1;10250854;3234,00
01218;1;10223226;955,00
01221;2;10180701;3899,00
01223;1;10079504;5538,00
01227;3;10041287;4344,00
01228;3;10223778;5001,00
01229;2;10233022;2460,00
01231;3;10243392;3175,00
01233;3;10101950;881,00
01236;3;10025495;3615,00
01237;3;10033556;3869,00
01240;1;10167432;2451,00
01241;2;10236784;4861,00
01245;3;10157488;1104,00
01249;1;10148392;3543,00
01252;2;10117112;4692,00
01253;1;10011832;5508,00
01254;1;10114866;1383,00
01255;2;10239194;4978,00
01256;1;10138386;5329,00
01260;3;10058963;582,00
01263;1;10008333;3824,00
01264;2;10115380;4144,00
01267;2;10126224;749,00
01269;2;10038137;2360,00
01272;3;10217058;5716,00
01274;3;10045540;4928,00
01275;1;10256453;3396,00
01277;3;10225321;4865,00
01280;1;10209473;2107,00
01284;1;10235568;1694,00
01286;1;10116031;4288,00
01288;2;10217504;5967,00
01292;2;10029154;5575,00
01296;1;10005605;2539,00
01300;2;10127342;236,00
01302;1;10006814;5677,00
01303;3;10228420;4909,00
01306;3;10137432;2172,00
01309;1;10204750;3226,00
01310;2;10126224;2557,00
01311;1;10189791;2861,00
01315;1;10275865;717,00
01319;3;10245310;3115,00
01320;3;10029617;2873,00
01321;3;10077478;2223,00
01322;3;10089708;1745,00
01325;1;10034360;5761,00
01328;3;10038410;500,00
01331;1;10073911;3887,00
01334;3;10159558;2923,00
01337;1;10095101;745,00
01339;2;10036107;1878,00
01341;2;10130336;4535,00
01342;3;10058055;846,00
01344;1;10254445;1064,00
01345;3;10267763;2357,00
01348;2;10093191;4035,00
01351;2;10228662;3456,00
01353;3;10119768;3191,00
01357;3;10248925;5841,00
01358;3;10199951;5317,00
01359;1;10152336;5864,00
01361;1;10280122;1281,00
01363;3;10004962;2397,00
01364;1;10128862;4580,00
01368;2;10089455;708,00
01369;2;10176279;5438,00
01373;1;10246072;3075,00
01375;3;10234357;5550,00
01378;1;10137392;1944,00
01382;3;10232718;4906,00
01386;1;10030075;3081,00
01387;1;10065608;3035,00
01391;1;10115380;701,00
01393;1;10258036;2808,00
01396;3;10060807;2722,00
01398;2;10215757;1345,00
01400;2;10260462;5241,00
01402;1;10224689;408,00
01406;1;10131324;1407,00
01407;2;10002186;372,00
01408;3;10249009;5735,00
01409;1;10260462;5560,00
01413;1;10263686;307,00
01416;1;10214602;798,00
01418;3;10177096;3309,00
01422;3;10103272;3543,00
01423;1;10073130;915,00
01427;2;10252231;1311,00
01430;3;10009754;3806,00
01431;1;10252121;238,00
01434;1;10045372;1835,00
01438;2;10181400;5534,00
01442;2;10091314;693,00
01443;1;10246839;4755,00
01446;3;10153794;2180,00
01450;3;10019091;2620,00
01452;2;10238084;5972,00
01455;3;10248945;4821,00
01456;2;10029617;2393,00
01458;1;10228931;1692,00
01462;1;10209936;1089,00
01464;2;10016841;331,00
01466;1;10017815;855,00
01469;3;10065937;2185,00
01473;2;10123259;1040,00
01475;2;10234969;3229,00
01476;3;10075043;3356,00
01478;3;10272017;366,00
01479;2;10120702;5272,00
01480;2;10160960;5625,00
01484;1;10181032;1281,00
01485;3;10262566;4688,00
01488;3;10232718;2542,00
01489;3;10053447;5522,00
01492;2;10013486;1937,00
01496;1;10113972;1516,00
01499;3;10126069;3588,00
01500;3;10223226;5420,00
01503;1;10201222;607,00
01505;3;10232486;1453,00
01508;1;10254445;151,00
01512;3;10036107;5682,00
01513;1;10038410;1285,00
01517;1;10017140;993,00
01519;1;10208951;2337,00
01523;3;10179463;5001,00
01524;2;10222064;3092,00
01525;1;10073130;5382,00
01528;1;10145577;3252,00
01530;1;10142521;1016,00
01531;1;10153544;2326,00
01534;3;10267139;2545,00
01537;2;10252121;981,00
01538;1;10219386;4537,00
01540;1;10197363;442,00
01542;1;10118673;4188,00
01543;1;10063048;1797,00
01547;1;10252121;3818,00
01551;3;10021207;392,00
01554;2;10149334;3510,00
01558;3;10274440;4199,00
01562;1;10231816;1874,00
01564;2;10062674;4036,00
01566;3;10252776;3997,00
01568;3;10215098;191,00
01570;3;10058190;2642,00
01572;3;10230930;958,00
01576;1;10014354;2516,00
01577;1;10261634;3728,00
01580;3;10100857;4701,00
01584;2;10023240;1956,00
01588;1;10192665;5667,00
01590;1;10101706;1836,00
01593;2;10238084;3344,00
01597;3;10031161;5904,00
01599;3;10131471;621,00
01603;3;10246469;4026,00
01606;2;10015090;3462,00
01609;1;10240148;2099,00
01612;3;10105561;5965,00
01615;3;10071744;4141,00
01617;2;10141946;3591,00
01619;3;10014098;3829,00
01620;2;10083056;2339,00
01622;1;10260166;4264,00
01625;3;10231726;3279,00
01628;3;10098953;304,00
01631;1;10248654;91,00
01632;1;10042036;5744,00
01634;1;10260957;75,00
01637;1;10139875;5030,00
01638;1;10092451;5961,00
01640;3;10224689;3784,00
01642;1;10123259;1045,00
01644;3;10211928;2328,00
01646;1;10108198;77,00
01648;1;10051973;1715,00
01652;2;10210220;1003,00
01655;2;10091314;5620,00
01656;2;10124629;4035,00
01657;1;10068500;5363,00
01659;3;10247648;4046,00
01661;1;10193773;1095,00
01665;3;10137040;3941,00
01667;1;10184485;4877,00
01671;1;10161951;3169,00
01674;1;10210578;557,00
01677;1;10020557;5576,00
01678;1;10008114;4711,00
01679;3;10182711;4250,00
01682;1;10194231;4072,00
01686;3;10193879;5679,00
01689;1;10083976;1562,00
01692;1;10101062;2996,00
01695;2;10226418;3360,00
01696;2;10239468;1367,00
01700;2;10254556;1973,00
01703;2;10130270;2970,00
01704;1;10059903;3640,00
01708;1;10164796;721,00
01712;1;10254556;453,00
01713;3;10182943;3111,00
01717;1;10217413;2433,00
01721;3;10149395;2538,00
01724;3;10202925;517,00
01727;2;10202925;4572,00
01728;3;10170824;5382,00
01732;3;10160225;4646,00
01733;3;10212060;1658,00
01735;1;10044585;2701,00
01736;1;10164796;4913,00
01740;2;10152901;2301,00
01743;1;10010546;1106,00
01746;2;10173161;118,00
01747;1;10062515;661,00
01748;2;10266055;4814,00
01749;2;10187836;1053,00
01753;2;10214862;4980,00
01756;3;10103364;3239,00
01760;2;10232718;2228,00
01762;3;10009480;3646,00
01766;3;10238003;5692,00
01767;2;10125049;4234,00
01771;2;10090593;2730,00
01772;2;10036400;4710,00
01773;3;10093613;2034,00
01777;3;10204403;4995,00
01779;1;10083976;2961,00
01783;1;10157841;5082,00
01784;1;10231816;4747,00
01785;3;10073691;3868,00
01787;3;10085866;3421,00
01790;1;10180845;5734,00
01793;2;10119768;2792,00
01797;1;10004239;5621,00
01801;1;10247555;1773,00
01805;3;10133658;3156,00
01808;1;10025602;3264,00
01811;2;10021207;4038,00
01813;2;10019164;3836,00
01815;2;10099876;4326,00
01817;2;10259935;4490,00
01818;1;10195495;5849,00
01819;1;10126483;4018,00
01820;1;10138642;5414,00
01824;2;10011832;3607,00
01825;1;10001275;1078,00
01828;3;10049280;5707,00
01831;1;10154662;1492,00
01832;2;10167432;5077,00
01836;3;10103364;729,00
01838;2;10035857;3750,00
01839;1;10096604;2183,00
01841;3;10130075;1100,00
01845;1;10105599;2546,00
01848;1;10255410;4684,00
01849;1;10020381;3205,00
01852;1;10217084;3051,00
01856;1;10156649;847,00
01858;3;10005605;4784,00
01861;1;10034360;3539,00
01862;2;10099046;3591,00
01863;3;10260321;4350,00
01866;2;10257129;754,00
01870;3;10158576;5418,00
01873;2;10057013;4508,00
01877;1;10208022;4411,00
01878;3;10253461;2854,00
01882;1;10098953;4996,00
01886;3;10190537;521,00
01888;3;10164043;5458,00
01890;2;10237038;4696,00
01894;2;10240148;3573,00
01898;3;10041825;4992,00
01900;3;10266731;3800,00
01902;1;10003110;3461,00
01903;3;10034758;2274,00
01907;3;10214953;5136,00
01908;1;10041287;2132,00
01912;2;10066501;4402,00
01915;3;10139596;5447,00
01918;2;10125215;450,00
01922;1;10101224;4452,00
01926;2;10145222;3181,00
01930;3;10187326;4308,00
01934;3;10128567;2126,00
01938;3;10178423;194,00
01941;3;10009088;5717,00
01944;1;10107505;2853,00
01946;2;10112474;5791,00
01947;1;10147276;582,00
01949;1;10227005;4505,00
01950;2;10149191;1494,00
01954;3;10229554;704,00
01957;2;10125783;2024,00
01961;3;10203344;2470,00
01963;2;10152336;3334,00
01967;1;10224634;200,00
01971;1;10004602;3698,00
01972;1;10166340;4001,00
01976;1;10085866;4832,00
01978;3;10222386;1607,00
01979;3;10263320;2458,00
01980;2;10177241;580,00
01982;3;10267210;185,00
01983;1;10218888;2326,00
01986;2;10139058;595,00
01987;3;10043885;2024,00
01988;3;10252121;289,00
01990;1;10088918;2096,00
01992;3;10046194;1000,00
01996;1;10127734;20,00
02000;2;10055379;1978,00
02004;1;10071487;1775,00
02007;3;10263862;4936,00
02008;1;10187101;1691,00
02010;1;10233257;3136,00
02013;2;10234239;3502,00
02015;3;10195966;5231,00
02019;2;10066166;4375,00
02021;2;10095012;3151,00
02023;2;10224819;4324,00
02025;1;10276860;1347,00
02029;1;10275478;4014,00
02031;1;10237867;1889,00
02035;3;10275335;373,00
02039;2;10200296;5009,00
02040;1;10204946;866,00
02043;1;10232230;2927,00
02047;3;10238532;3372,00
02051;3;10275992;2576,00
02055;1;10127951;4201,00
02059;1;10123521;4054,00
02061;1;10254994;3856,00
02065;3;10081147;4564,00
02069;1;10094643;5377,00
02070;3;10010170;1241,00
02071;1;10020467;3568,00
02074;2;10271335;348,00
02075;1;10256453;5286,00
02076;1;10000500;5501,00
02080;2;10222084;391,00
02081;1;10049817;4680,00
02085;3;10187714;2737,00
02088;2;10224386;3056,00
02090;3;10123722;706,00
02094;3;10256195;1781,00
02096;3;10090797;566,00
02098;1;10276631;5364,00
02099;1;10259208;4224,00
02102;1;10018591;3619,00
02103;2;10041882;2703,00
02107;3;10130922;2213,00
02111;1;10204529;2840,00
02114;1;10030614;5712,00
02118;3;10162618;5812,00
02121;1;10273885;1687,00
02124;1;10268924;5441,00
02125;1;10059660;3908,00
02127;1;10176929;2451,00
02130;3;10213666;3842,00
02132;1;10050672;5615,00
02136;1;10136075;3682,00
02139;1;10063632;5354,00
02143;3;10199300;4387,00
02146;2;10213444;4070,00
02150;3;10047908;5517,00
02152;3;10042975;2883,00
02156;2;10192268;3804,00
02160;3;10200012;1132,00
02162;2;10053447;769,00
02166;3;10151687;142,00
02170;1;10206916;3529,00
02173;3;10233997;2569,00
02175;3;10091851;5991,00
02176;3;10035857;942,00
02179;2;10108972;741,00
02181;3;10233022;2926,00
02185;1;10234495;1726,00
02186;1;10133790;5816,00
02190;1;10177593;5883,00
02194;1;10279096;1668,00
02196;1;10067488;5362,00
02199;1;10160711;5668,00
02202;1;10138007;5985,00
02206;1;10139875;4262,00
02208;2;10166340;5723,00
02210;1;10096982;5675,00
02214;3;10209743;3858,00
02216;1;10075361;3692,00
02220;1;10199250;4550,00
02224;3;10128567;1817,00
02227;3;10175083;3773,00
02228;1;10166879;2413,00
02232;1;10146520;1591,00
02234;1;10046599;2432,00
02237;1;10108517;3074,00
02241;3;10201122;5559,00
02242;3;10274000;1013,00
02243;1;10163907;262,00
02244;3;10038654;1852,00
02245;3;10226746;4926,00
02247;3;10188758;235,00
02251;2;10032513;4785,00
02252;1;10018488;4103,00
02253;1;10017491;1759,00
02255;1;10252776;3788,00
02258;3;10066596;2542,00
02261;1;10145577;5213,00
02263;3;10214953;3222,00
02264;2;10006525;242,00
02268;2;10034360;1577,00
02269;1;10225799;4849,00
02273;3;10277667;3943,00
02277;3;10166879;3449,00
02278;3;10228816;147,00
02281;2;10224129;5729,00
02282;3;10183232;310,00
02285;2;10038673;1515,00
02286;1;10249009;5653,00
02290;3;10262595;775,00
02292;3;10199701;3634,00
02294;1;10083976;1505,00
02297;3;10174635;4534,00
02300;1;10154203;3497,00
02301;3;10206236;525,00
02304;1;10116567;1924,00
02306;1;10027248;630,00
02308;1;10020557;3822,00
02311;3;10157696;5859,00
02314;3;10219386;1982,00
02316;3;10143269;283,00
02320;2;10066166;1618,00
02322;1;10190965;2005,00
02326;2;10014220;3344,00
02329;2;10157253;3926,00
02331;3;10160029;2125,00
02335;1;10071487;5025,00
02338;1;10026584;295,00
02341;3;10236745;1214,00
02342;3;10105599;3404,00
02344;1;10078548;2186,00
02347;1;10109299;5412,00
02349;3;10047306;2787,00
02351;2;10013292;2188,00
02353;3;10124054;1328,00
02355;1;10155030;3249,00
02356;1;10022619;1865,00
02359;3;10279778;4397,00
02362;3;10070052;4207,00
02366;2;10009754;4692,00
02370;1;10181454;2075,00
02374;3;10134665;2191,00
02376;2;10272159;3108,00
02379;3;10041526;1435,00
02382;2;10070242;3626,00
02384;1;10236462;991,00
02386;1;10093377;892,00
02388;2;10009754;2916,00
02392;1;10166060;4754,00
02396;2;10093810;259,00
02398;1;10202481;4781,00
02401;3;10086900;2063,00
02402;1;10244877;4855,00
02404;2;10231438;3508,00
02407;1;10149633;3164,00
02409;2;10116242;3544,00
02410;3;10018488;5460,00
02413;2;10188829;2448,00
02415;1;10026492;1140,00
02416;1;10091924;3804,00
02419;2;10073826;3832,00
02421;3;10017259;4761,00
02422;1;10177241;4318,00
02423;3;10246580;464,00
02426;1;10171628;4757,00
02427;2;10044166;714,00
02429;1;10136815;4198,00
02433;1;10041287;4783,00
02437;1;10146520;4041,00
02439;2;10125443;5565,00
02442;3;10195808;5041,00
02445;1;10014276;1904,00
02449;3;10006139;4526,00
02453;1;10111173;2246,00
02457;1;10228816;1011,00
02460;2;10237133;1810,00
02463;1;10179989;2901,00
02466;1;10003629;4904,00
02467;2;10195079;2195,00
02469;1;10134070;298,00
02473;3;10138386;303,00
02474;1;10004144;4594,00
02476;1;10058055;111,00
02477;2;10160363;4557,00
02479;1;10105561;1055,00
02483;2;10265568;4038,00
02486;1;10181694;1425,00
02489;3;10273633;1196,00
02492;1;10121133;1215,00
02493;1;10276631;731,00
02497;3;10199951;5295,00
02498;1;10224928;3395,00
02499;2;10063303;5635,00
02502;3;10188758;600,00
02506;1;10214322;3051,00
02510;1;10059396;4923,00
02511;2;10255410;3275,00
02514;3;10035857;2036,00
02516;1;10147561;5489,00
02519;3;10194032;2688,00
02523;3;10068398;5677,00
02524;3;10129912;5997,00
02525;3;10178760;2796,00
02526;1;10244877;2337,00
02530;3;10197718;4825,00
02532;1;10231139;445,00
02535;1;10089916;2074,00
02538;1;10022218;4017,00
02540;1;10119139;1706,00
02544;1;10070883;2082,00
02547;1;10129603;5441,00
02551;2;10156649;453,00
02553;2;10160537;2405,00
02556;3;10227113;290,00
02560;1;10166879;5428,00
02562;1;10058963;258,00
02566;2;10142575;5272,00
02567;1;10166879;406,00
02570;2;10174727;5413,00
02574;1;10114843;1124,00
02575;3;10218888;614,00
02578;2;10033767;5351,00
02580;3;10024233;2676,00
02583;2;10254880;5161,00
02585;1;10163459;4234,00
02588;3;10017021;4233,00
02591;3;10098280;4102,00
02592;3;10131324;5042,00
02594;1;10153544;4287,00
02598;3;10137116;3276,00
02602;2;10093027;3953,00
02606;2;10097305;2008,00
02607;3;10022890;4897,00
02611;3;10002763;962,00
02612;2;10016440;5808,00
02614;1;10227177;1478,00
02617;1;10167432;5548,00
02618;1;10222448;2546,00
02621;1;10179989;1028,00
02622;1;10107690;1257,00
02626;1;10230528;3640,00
02629;3;10118409;938,00
02633;1;10126224;3024,00
02636;3;10142424;2926,00
02638;1;10176279;3204,00
02639;1;10021435;2266,00
02642;1;10081339;437,00
02644;2;10219520;3438,00
02648;1;10116031;3156,00
02652;2;10109856;4997,00
02653;3;10197789;3727,00
02656;1;10059903;3251,00
02657;1;10253256;5665,00
02659;2;10265049;5268,00
02660;3;10096604;2982,00
02663;1;10240183;4267,00
02665;3;10176140;807,00
02668;1;10023948;2353,00
02672;2;10135821;2226,00
02674;1;10215672;543,00
02676;1;10139058;2489,00
02679;3;10175083;2622,00
02683;3;10110964;1197,00
02684;3;10108373;3555,00
02685;3;10108159;3252,00
02689;3;10088328;3120,00
02692;2;10199853;3560,00
02694;3;10047908;5988,00
02695;1;10094938;5977,00
02697;2;10274798;4618,00
02698;3;10208600;2173,00
02700;3;10012810;2761,00
02704;1;10070242;2841,00
02707;1;10001655;2541,00
02710;1;10118673;4776,00
02714;3;10118673;1223,00
02718;1;10047191;1240,00
02722;2;10176279;770,00
02723;3;10017259;2713,00
02724;1;10206097;5573,00
02727;1;10008114;2685,00
02731;2;10229877;158,00
02733;3;10127951;1646,00
02734;1;10214322;4167,00
02736;3;10129107;5571,00
02740;1;10131324;745,00
02741;1;10138279;5105,00
02744;1;10192933;1281,00
02745;3;10167432;4457,00
02748;1;10205061;1857,00
02752;2;10050636;1587,00
02755;1;10192857;5640,00
02757;2;10139661;3872,00
02759;2;10155030;4004,00
02762;1;10185808;3226,00
02763;1;10021970;1592,00
02764;2;10166340;593,00
02766;1;10002637;98,00
02770;3;10140547;5356,00
02773;1;10122774;2792,00
02774;3;10244116;2369,00
02777;1;10062006;1305,00
02779;3;10151258;1969,00
02780;2;10133560;326,00
02782;1;10087182;261,00
02784;3;10136319;4051,00
02786;3;10150728;2694,00
02790;1;10154662;5949,00
02792;3;10051551;1209,00
02794;2;10265813;12,00
02795;2;10172827;1018,00
02796;2;10198631;5583,00
02798;3;10242544;2455,00
02800;2;10166879;1465,00
02801;3;10204403;3661,00
02805;3;10195966;3618,00
02809;3;10092747;1391,00
02812;1;10251636;4290,00
02815;3;10142521;1372,00
02816;3;10240086;4568,00
02817;1;10250854;3361,00
02818;3;10122774;1756,00
02819;1;10179688;5428,00
02823;1;10156361;4730,00
02826;1;10203928;3132,00
02829;3;10198588;113,00
02830;3;10189111;4862,00
02832;1;10140220;2800,00
02836;3;10270110;147,00
02840;2;10172541;4273,00
02841;3;10187836;3698,00
02842;1;10206916;5819,00
02845;3;10214322;177,00
02847;3;10279818;3137,00
02851;3;10018082;622,00
02852;2;10230555;4634,00
02856;1;10163776;1051,00
02859;1;10055909;596,00
02862;1;10171936;393,00
02864;3;10203344;2662,00
02865;3;10235135;590,00
02869;2;10145510;4892,00
02870;1;10029345;5844,00
02873;2;10090797;718,00
02877;3;10038654;1238,00
02878;2;10160225;1709,00
02881;1;10172195;638,00
02884;3;10165980;1010,00
02887;1;10108710;704,00
02891;1;10131415;5253,00
02892;1;10217151;5925,00
02895;3;10160363;1058,00
02898;2;10246375;1457,00
02901;1;10139875;4683,00
02905;1;10040942;4237,00
02909;3;10070242;5826,00
02911;3;10045372;2552,00
02914;2;10092648;2058,00
02917;2;10209107;5409,00
02920;2;10113790;459,00
02921;1;10052859;3751,00
02922;1;10218622;3417,00
02923;1;10131707;2382,00
02924;3;10107483;1659,00
02928;1;10034953;293,00
02931;3;10035207;5789,00
02934;1;10008114;900,00
02937;1;10097458;5466,00
02938;3;10114274;4726,00
02942;2;10041825;2111,00
02944;1;10039219;5199,00
02946;3;10236272;4320,00
02947;1;10228383;4244,00
02948;1;10133658;5604,00
02949;1;10110368;5862,00
02953;3;10257033;5650,00
02956;2;10150605;993,00
02958;3;10266055;3206,00
02961;3;10244116;2656,00
02964;3;10067099;2656,00
02967;3;10101106;2156,00
02970;2;10236462;3265,00
02973;1;10242696;2515,00
02976;1;10129107;5093,00
02979;1;10046599;5414,00
02980;3;10087725;5186,00
02984;3;10158848;138,00
02985;1;10278720;3095,00
02989;3;10051837;2258,00
02992;1;10058508;4306,00
02994;3;10207004;2871,00
02996;1;10139596;5269,00
02997;1;10179463;1886,00
02999;2;10041882;3946,00
03002;1;10180845;4496,00
03005;1;10093191;3859,00
03009;1;10165541;3195,00
03011;3;10009939;5872,00
03014;1;10147250;5894,00
03015;1;10081147;2417,00
03016;3;10181400;2622,00
03020;3;10262732;2341,00
03022;1;10165541;3910,00
03026;2;10034758;4317,00
03029;2;10097932;5863,00
03030;3;10161923;3087,00
03031;1;10099191;200,00
03035;1;10270300;2109,00
03036;1;10037784;282,00
03039;1;10272350;814,00
03041;1;10120499;2940,00
03045;3;10264767;2353,00
03048;3;10227765;3683,00
03050;2;10097458;2361,00
03051;1;10275506;4558,00
03053;1;10091851;698,00
03057;1;10100293;2066,00
03061;3;10210220;4044,00
03065;1;10096785;3560,00
03066;1;10187688;5286,00
03069;1;10093810;3017,00
03072;1;10103364;4078,00
03075;3;10006814;3032,00
03076;1;10144726;18,00
03079;2;10143085;1021,00
03083;3;10111339;5364,00
03087;1;10078548;805,00
03091;1;10232230;417,00
03095;2;10265400;2401,00
03097;3;10129912;636,00
03098;1;10188252;3731,00
03099;2;10152272;4003,00
03103;2;10225575;1916,00
03106;3;10252483;2105,00
03108;2;10034758;3945,00
03109;3;10212123;4692,00
03113;3;10263320;781,00
03115;1;10026584;4163,00
03119;1;10113292;3073,00
03121;2;10157841;2262,00
03124;1;10265049;4949,00
03127;1;10169526;1986,00
03128;1;10024100;4082,00
03130;1;10191495;5833,00
03132;2;10040472;530,00
03136;1;10250600;1714,00
03140;1;10220854;313,00
03143;1;10273539;4062,00
03145;1;10027248;3379,00
03147;1;10205938;5965,00
03149;1;10051284;3580,00
03150;2;10171342;3260,00
03152;1;10060591;4926,00
03154;1;10275335;5043,00
03158;3;10217058;3072,00
03159;1;10139938;4397,00
03162;2;10228662;784,00
03165;1;10052983;5992,00
03166;2;10125049;5322,00
03169;1;10221256;4333,00
03171;1;10268402;2615,00
03173;1;10068753;4721,00
03175;3;10066820;2278,00
03179;1;10034575;5019,00
03181;1;10105599;958,00
03185;1;10197164;4176,00
03189;1;10200296;506,00
03190;3;10156649;415,00
03194;3;10005112;3895,00
03195;3;10229877;2013,00
03198;3;10119978;1829,00
03201;1;10205938;3758,00
03202;3;10105561;4177,00
03204;2;10046194;5728,00
03205;1;10099046;351,00
03209;1;10241831;2385,00
03212;3;10202481;3329,00
03214;1;10127538;3968,00
03218;1;10249845;2045,00
03220;1;10040586;749,00
03222;3;10105818;1012,00
03225;1;10163201;826,00
03229;1;10099465;685,00
03232;3;10230827;1423,00
03235;1;10049405;2223,00
03237;1;10008333;4679,00
03238;1;10197921;1051,00
03239;3;10276837;5214,00
03240;2;10197560;3516,00
03241;2;10254201;3193,00
03245;1;10174125;4449,00
03246;3;10019091;86,00
03248;2;10262732;69,00
03249;1;10054877;4080,00
03251;3;10203546;3709,00
03255;2;10260462;2137,00
03258;1;10021114;4209,00
03260;1;10066624;3038,00
03264;2;10046478;3221,00
03268;1;10216744;984,00
03272;1;10157841;4360,00
03275;3;10248451;1450,00
03279;2;10252916;2807,00
03282;2;10251883;5264,00
03285;3;10096753;5707,00
03286;3;10021038;4789,00
03290;3;10121855;4696,00
03292;3;10234495;2298,00
03294;1;10143321;4519,00
03295;2;10008442;546,00
03296;3;10113092;4906,00
03298;3;10263862;1396,00
03300;2;10127342;5672,00
03302;3;10039868;2154,00
03304;1;10267139;3244,00
03305;1;10016150;1346,00
03309;2;10106532;2067,00
03310;1;10089966;4134,00
03311;1;10051837;5894,00
03312;3;10153156;2664,00
03314;1;10058304;4595,00
03317;3;10014680;1877,00
03319;2;10200920;5320,00
03320;3;10076116;3308,00
03324;2;10155455;4966,00
03328;1;10100293;4703,00
03329;3;10208003;2594,00
03332;3;10109732;2283,00
03333;1;10161923;5225,00
03335;1;10151687;4869,00
03338;3;10145222;5866,00
03341;1;10164796;5803,00
03342;3;10047191;4054,00
03343;2;10111424;2925,00
03345;3;10272593;120,00
03348;2;10034360;5772,00
03350;2;10171342;4691,00
03353;1;10011148;4228,00
03356;1;10109649;3961,00
03358;2;10196189;4793,00
03360;2;10021207;5365,00
03362;3;10219386;819,00
03363;3;10223778;3288,00
03364;2;10059396;3779,00
03368;3;10213008;5720,00
03369;2;10152509;4601,00
03372;2;10160363;2675,00
03376;3;10221482;4181,00
03379;3;10024100;1229,00
03383;1;10094643;253,00
03386;1;10221591;218,00
03390;1;10234239;5833,00
03394;1;10229209;3599,00
03398;1;10123722;3174,00
03402;3;10138386;5930,00
03405;2;10210335;559,00
03406;2;10226746;4544,00
03408;2;10138700;767,00
03409;3;10227113;4658,00
03412;3;10116215;427,00
03413;3;10261254;634,00
03416;1;10155951;2973,00
03420;2;10054997;5870,00
03422;2;10238226;298,00
03425;3;10268924;4316,00
03427;3;10184277;2644,00
03430;2;10035472;2834,00
03431;3;10139875;2309,00
03432;1;10146592;2366,00
03436;1;10059065;2273,00
03440;2;10171936;2306,00
03441;1;10105989;3977,00
03442;1;10130203;5054,00
03444;1;10249408;4013,00
03446;1;10141216;1763,00
03449;1;10232536;458,00
03452;1;10129107;3734,00
03453;1;10180845;270,00
03454;3;10121855;3642,00
03455;1;10177593;623,00
03457;1;10025602;1430,00
03461;1;10009754;1779,00
03462;1;10002036;1765,00
03463;1;10279096;5303,00
03466;2;10219125;31,00
03468;3;10185851;1299,00
03472;3;10102084;3657,00
03475;2;10152509;2267,00
03478;1;10049405;1040,00
03480;2;10093810;1452,00
03484;3;10154872;5201,00
03487;2;10037119;397,00
03489;1;10167432;4652,00
03490;1;10021743;2065,00
03494;1;10139818;3617,00
03495;1;10194782;1107,00
03497;1;10096296;5701,00
03501;1;10216358;129,00
03505;2;10052859;1903,00
03507;3;10025495;5545,00
03508;2;10121855;3160,00
03509;3;10150052;303,00
03510;2;10270880;5216,00
03514;3;10048601;3641,00
03518;1;10186827;5412,00
03522;1;10019164;159,00
03526;2;10207952;3874,00
03530;1;10236893;1182,00
03533;2;10193212;616,00
03536;1;10138906;2166,00
03540;3;10038137;4694,00
03541;3;10055237;3038,00
03544;3;10198063;910,00
03545;1;10146827;4631,00
03548;1;10223778;4739,00
03551;2;10150468;1047,00
03555;2;10103754;2117,00
03556;1;10101706;246,00
03558;1;10006139;5660,00
03559;1;10109471;4584,00
03562;1;10266965;3703,00
03563;1;10080925;1742,00
03566;3;10050898;949,00
03569;2;10209373;5165,00
03571;3;10277345;707,00
03572;1;10033061;675,00
03574;3;10228931;991,00
03575;3;10030910;5601,00
03577;1;10003813;318,00
03578;1;10121332;4833,00
03582;1;10131793;3494,00
03585;3;10029617;126,00
03589;1;10112237;2271,00
03590;1;10175245;5862,00
03593;3;10142314;2970,00
03596;3;10149777;1805,00
03599;3;10089916;5394,00
03603;1;10262529;2716,00
03607;1;10221256;2406,00
03610;1;10100607;3972,00
03614;2;10130569;5094,00
03615;1;10154872;1060,00
03618;2;10177438;298,00
03619;2;10019164;2891,00
03620;1;10273424;3556,00
03624;3;10093939;1526,00
03625;2;10168694;1818,00
03628;1;10043182;5032,00
03630;2;10021464;3072,00
03632;3;10050271;4027,00
03636;3;10026056;5265,00
03637;1;10277841;5515,00
03639;1;10196904;2857,00
03641;1;10052614;4530,00
03645;3;10078317;2409,00
03646;1;10166060;2606,00
03648;2;10185851;3408,00
03650;1;10092197;1862,00
03652;1;10028254;814,00
03655;3;10084671;4139,00
03657;2;10034385;5385,00
03659;1;10193068;3161,00
03662;2;10050636;3811,00
03665;1;10020592;4145,00
03668;1;10206097;606,00
03671;3;10244877;4422,00
03673;3;10129107;4712,00
03675;1;10251394;2517,00
03677;3;10012810;2630,00
03678;3;10249009;3219,00
03679;1;10238949;4592,00
03680;3;10247920;582,00
03684;2;10116215;4628,00
03688;3;10106101;871,00
03689;2;10084509;1765,00
03692;2;10058963;1015,00
03695;3;10020557;5165,00
03699;2;10243615;5286,00
03702;2;10117665;1286,00
03704;3;10088757;3558,00
03705;2;10108625;2566,00
03707;1;10062515;744,00
03710;1;10083673;5684,00
03711;3;10263068;4865,00
03713;1;10155153;532,00
03717;1;10110600;4717,00
03718;3;10183681;2831,00
03719;2;10145222;555,00
03723;2;10165358;2288,00
03727;3;10028728;3107,00
03728;3;10040128;2655,00
03732;2;10117517;1,00
03736;1;10121332;5871,00
03738;3;10098713;5936,00
03741;1;10140220;14,00
03743;3;10268618;5359,00
03746;1;10214322;2131,00
03749;1;10224129;3020,00
03751;3;10256049;794,00
03752;1;10148575;5765,00
03753;2;10280050;5083,00
03754;1;10174254;4234,00
03756;3;10097305;4966,00
03757;1;10253758;190,00
03761;1;10089916;4324,00
03765;1;10014354;105,00
03768;1;10108710;671,00
03769;1;10012769;2674,00
03771;1;10020381;2761,00
03772;3;10063303;1650,00
03776;3;10233022;3568,00
03778;1;10227113;4093,00
03780;3;10279096;1856,00
03784;3;10083737;4992,00
03788;3;10095012;1531,00
03789;2;10021464;3050,00
03791;1;10100293;3946,00
03795;3;10070566;779,00
03796;3;10089916;1142,00
03797;3;10189076;3956,00
03799;3;10120554;1209,00
03801;3;10092747;1509,00
03804;1;10060807;17,00
03806;3;10052859;4179,00
03809;3;10187836;1213,00
03811;2;10085638;5067,00
03814;1;10006525;3409,00
03817;1;10118961;3554,00
03820;1;10077725;4670,00
03822;3;10100517;4692,00
03825;1;10246072;899,00
03829;3;10178423;5082,00
03830;2;10225799;4390,00
03833;3;10057013;5629,00
03836;2;10232192;2916,00
03840;1;10041990;2045,00
03841;1;10158186;5865,00
03845;3;10155357;3074,00
03847;3;10278286;3521,00
03848;1;10019360;392,00
03851;1;10181400;1686,00
03854;1;10081732;3728,00
03858;1;10239012;5658,00
03860;2;10092747;5818,00
03864;1;10129376;4429,00
03867;1;10224928;1221,00
03871;3;10206426;760,00
03872;3;10109649;5081,00
03874;1;10216430;240,00
03875;2;10229336;182,00
03878;3;10060807;2155,00
03881;3;10242804;1519,00
03884;1;10053447;3786,00
03886;1;10040686;3106,00
03887;3;10003813;4406,00
03891;3;10199319;2529,00
03892;3;10075043;3433,00
03896;1;10246375;3412,00
03898;1;10194075;3519,00
03901;3;10092451;5939,00
03903;2;10111951;3058,00
03905;2;10018591;257,00
03907;3;10050898;1561,00
03908;1;10080925;2547,00
03910;2;10165358;2588,00
03911;1;10192857;4005,00
03915;1;10108710;5338,00
03918;1;10106878;3916,00
03922;3;10209473;5036,00
03925;1;10227177;3911,00
03928;3;10068500;2971,00
03930;3;10219866;4057,00
03932;2;10240183;4198,00
03935;2;10205820;5884,00
03939;3;10078857;1444,00
03940;1;10219866;2442,00
03941;1;10235753;1971,00
03943;3;10031730;81,00
03947;3;10172541;5234,00
03950;3;10144111;2870,00
03951;1;10003629;5210,00
03954;1;10137392;5151,00
03958;1;10087497;1303,00
03962;1;10199368;5811,00
03965;1;10113092;703,00
03969;3;10153968;1305,00
03970;2;10234417;5472,00
03974;3;10051837;1341,00
03975;1;10180541;5106,00
03978;3;10117665;3989,00
03980;1;10128720;4844,00
03982;2;10037985;5564,00
03984;1;10089966;669,00
03987;2;10001352;5638,00
03991;3;10130203;3170,00
03994;3;10105561;2959,00
03995;3;10026433;2427,00
03999;1;10155736;4688,00
04001;2;10221952;4927,00
04005;2;10048712;3816,00
04009;3;10006299;2260,00
04010;1;10160822;1437,00
04012;3;10161951;3433,00
04015;3;10087087;3383,00
04016;1;10061033;528,00
04020;3;10048100;5884,00
04021;2;10053447;1342,00
04022;3;10163907;214,00
04025;1;10173627;2533,00
04026;1;10175245;624,00
04030;1;10240527;1280,00
04033;1;10070052;3011,00
04037;1;10156361;4259,00
04039;1;10277667;1793,00
04040;1;10061861;3351,00
04043;2;10100293;51,00
04047;1;10121332;3321,00
04049;3;10126736;3229,00
04051;3;10215526;4969,00
04055;2;10254159;415,00
04058;3;10071744;3765,00
04062;1;10218719;2939,00
04064;3;10114121;5041,00
04066;3;10266641;4363,00
04067;3;10059396;4638,00
04071;1;10250854;4339,00
04075;1;10067819;2138,00
04077;3;10039335;1999,00
04079;3;10221977;2691,00
04082;1;10229877;1966,00
04083;2;10201534;2427,00
04085;1;10240777;2580,00
04088;2;10181694;1050,00
04090;1;10167724;775,00
04094;1;10173161;151,00
04095;2;10261909;5834,00
04099;3;10027711;887,00
04103;1;10144320;2389,00
04107;1;10264506;5403,00
04111;3;10123800;2735,00
04112;2;10130682;3236,00
04116;1;10236745;1981,00
04118;1;10223292;2128,00
04121;3;10155988;204,00
04122;1;10081147;4710,00
04123;3;10181400;2450,00
04124;3;10268402;3372,00
04127;1;10254556;21,00
04131;2;10020283;3126,00
04132;1;10235001;1016,00
04133;2;10217084;4086,00
04134;2;10127734;4895,00
04135;1;10258389;51,00
04136;2;10194032;2737,00
04137;1;10255624;1271,00
04138;1;10105291;512,00
04139;2;10089455;2924,00
04142;3;10201758;4596,00
04146;3;10119226;783,00
04148;3;10211245;3931,00
04149;1;10237133;3336,00
04152;2;10140362;1921,00
04154;1;10147534;4622,00
04158;2;10248205;5822,00
04160;1;10025495;4154,00
04163;2;10240183;4447,00
04166;1;10263520;5927,00
04168;3;10123964;1309,00
04170;3;10141216;3852,00
04174;1;10126941;3414,00
04177;2;10249408;5690,00
04179;3;10025723;4388,00
04180;1;10218508;2799,00
04183;1;10203546;2384,00
04185;1;10009939;5985,00
04186;3;10165238;217,00
04189;1;10142787;4947,00
04193;1;10048100;4164,00
04194;2;10195808;1809,00
04198;3;10152901;4942,00
04199;1;10048601;1322,00
04201;3;10041759;5807,00
04203;2;10102325;1978,00
04206;1;10020381;1820,00
04210;3;10054454;1259,00
04212;1;10080548;1827,00
04215;2;10016524;1699,00
04216;1;10052429;4933,00
04219;2;10140547;2727,00
04221;1;10199829;40,00
04225;3;10056965;4140,00
04228;2;10093768;2319,00
04232;1;10261019;1171,00
04234;2;10057885;3577,00
04235;3;10072171;3070,00
04236;1;10168854;3696,00
04239;1;10071675;5472,00
04241;3;10160960;5661,00
04244;3;10046782;2433,00
04247;3;10204529;2307,00
04248;1;10157791;4882,00
04252;1;10040942;5542,00
04255;2;10241677;4513,00
04259;1;10146827;2311,00
04261;2;10164543;3460,00
04264;3;10196904;242,00
04266;1;10078032;2015,00
04269;2;10228931;1386,00
04272;1;10000227;4113,00
04273;1;10135152;4710,00
04274;3;10131148;411,00
04278;1;10182325;4619,00
04282;1;10236996;1393,00
04286;1;10110081;2895,00
04289;3;10127342;3286,00
04292;3;10106101;4661,00
04296;1;10200296;1329,00
04299;1;10098641;5037,00
04301;1;10115805;5477,00
04304;2;10025602;5300,00
04308;1;10217355;4123,00
04311;1;10171760;73,00
04314;3;10159558;4096,00
04316;3;10072845;5780,00
04319;2;10176371;2502,00
04323;1;10160822;1144,00
04327;1;10063303;5794,00
04330;1;10186323;4399,00
04333;1;10052983;2075,00
04334;3;10216791;5501,00
04335;3;10161113;953,00
04339;2;10015090;4712,00
04343;2;10078857;4407,00
04347;1;10160711;2844,00
04350;2;10087965;1984,00
04352;1;10063105;2824,00
04354;1;10028581;2693,00
04356;3;10088757;3418,00
04359;3;10085521;4212,00
04360;1;10110368;4824,00
04363;3;10143856;250,00
04367;3;10003089;1309,00
04369;3;10015833;4530,00
04371;1;10165541;4427,00
04372;3;10262912;2829,00
04375;2;10053390;1370,00
04376;1;10269103;1921,00
04380;3;10119768;2368,00
04384;2;10187326;2864,00
04387;2;10097484;1593,00
04390;3;10216358;2678,00
04393;3;10087497;2464,00
04394;3;10206236;534,00
04396;3;10243927;3746,00
04399;3;10097932;3345,00
04403;2;10105733;2384,00
04404;2;10230555;3797,00
04405;2;10172195;4231,00
04409;3;10246469;3190,00
04412;1;10253461;5254,00
04416;2;10089562;3592,00
04419;2;10211481;3956,00
04422;3;10072404;2570,00
04423;1;10093377;767,00
04424;1;10020381;5019,00
04426;1;10025495;1968,00
04429;2;10197560;3024,00
04432;1;10214602;5192,00
04436;2;10137432;1981,00
04440;1;10220055;5392,00
04444;1;10149873;475,00
04448;2;10205567;3219,00
04449;2;10092197;2057,00
04450;3;10110600;5058,00
04453;3;10109907;2586,00
04456;3;10000914;2432,00
04457;1;10210773;3034,00
04459;1;10104834;4483,00
04461;3;10234633;1037,00
04464;1;10261150;1991,00
04467;1;10270880;3687,00
04471;3;10187714;5386,00
04475;1;10230117;3597,00
04478;1;10133064;433,00
04479;2;10141692;4438,00
04482;1;10089202;526,00
04483;3;10219631;5392,00
04484;1;10101224;5711,00
04486;1;10222064;5060,00
04489;3;10088091;1485,00
04490;2;10179463;909,00
04493;3;10209107;5288,00
04495;2;10122104;1362,00
04499;1;10255410;4888,00
04500;3;10101950;4265,00
04502;1;10028436;218,00
04506;3;10252121;756,00
04507;3;10228420;2388,00
04511;2;10054774;634,00
04515;1;10062515;5666,00
04518;3;10161923;3479,00
04520;3;10061597;5852,00
04523;1;10094208;5334,00
04527;1;10095101;4687,00
04530;1;10031161;1696,00
04534;1;10135779;1338,00
04535;2;10108625;3435,00
04538;1;10021207;5656,00
04540;1;10006139;2583,00
04541;3;10139875;4187,00
04545;3;10226418;1572,00
04546;3;10213444;2783,00
04550;2;10162618;2757,00
04553;1;10043885;5686,00
04556;1;10093613;2790,00
04559;1;10076798;2937,00
04563;3;10141216;1027,00
04566;1;10185833;1177,00
04568;3;10114121;2624,00
04569;3;10032815;5824,00
04571;1;10187714;5201,00
04573;1;10033899;5920,00
04575;3;10007339;3454,00
04579;2;10120554;5623,00
04580;1;10279096;5170,00
04582;1;10214602;2020,00
04586;3;10092451;5481,00
04588;3;10226418;23,00
04590;1;10151915;1225,00
04591;1;10040586;2853,00
04595;3;10225575;2303,00
04598;1;10082906;1065,00
04601;3;10181808;3974,00
04603;1;10178672;5316,00
04606;2;10017021;2156,00
04609;2;10267670;4585,00
04613;3;10028808;403,00
04614;1;10048100;506,00
04616;3;10032513;4895,00
04618;2;10274153;2191,00
04621;2;10025321;3843,00
04625;1;10202767;1395,00
04629;2;10232536;5086,00
04631;1;10187836;1910,00
04632;1;10252427;5865,00
04634;2;10229554;1674,00
04635;2;10246748;2823,00
04637;1;10191997;3069,00
04638;3;10005384;5966,00
04641;2;10228662;5379,00
04644;2;10102325;557,00
04647;2;10035704;1266,00
04649;3;10144983;2592,00
04653;1;10244572;2,00
04655;3;10063105;5450,00
04657;1;10063048;5767,00
04658;3;10070566;4014,00
04661;1;10207429;4022,00
04665;3;10255193;2726,00
04667;1;10202481;1502,00
04669;3;10235803;4037,00
04672;3;10221482;3681,00
04675;2;10257033;1082,00
04679;2;10034360;83,00
04683;3;10099727;1746,00
04684;3;10138007;573,00
04687;3;10140674;50,00
04689;1;10067488;2325,00
04691;3;10238003;996,00
04693;3;10102894;5019,00
04694;1;10121133;2529,00
04696;1;10249315;1619,00
04699;3;10028436;2746,00
04702;2;10262941;4403,00
04704;2;10163827;5934,00
04708;1;10035857;4353,00
04711;2;10245310;3828,00
04713;1;10198303;5469,00
04717;1;10270110;4395,00
04719;1;10100607;1332,00
04722;2;10180845;5031,00
04723;1;10268647;4919,00
04724;1;10232486;4909,00
04727;3;10210773;1744,00
04731;2;10092451;3646,00
04733;1;10277345;5043,00
04735;1;10018591;434,00
04738;2;10259208;4913,00
04740;1;10180869;2627,00
04741;1;10182570;2896,00
04743;2;10235135;3763,00
04747;3;10065328;2511,00
04750;1;10002763;1073,00
04754;1;10187075;1735,00
04755;1;10213223;5215,00
04757;3;10111424;3371,00
04759;3;10027981;3648,00
04762;3;10125317;940,00
04764;1;10115380;2325,00
04768;1;10218622;1472,00
04770;3;10237374;4133,00
04771;2;10002376;5205,00
04772;1;10240183;3985,00
04775;2;10150605;77,00
04776;2;10154336;5022,00
04777;1;10056776;5683,00
04781;1;10212123;4727,00
04782;1;10253758;2661,00
04786;1;10237173;1043,00
04788;3;10021435;4949,00
04792;3;10009641;4468,00
04795;1;10014354;114,00
04799;3;10277968;4883,00
04802;1;10105733;96,00
04804;3;10059285;590,00
04807;1;10020592;467,00
04811;1;10119226;1827,00
04812;3;10140362;3069,00
04815;3;10222707;4025,00
04816;1;10184485;732,00
04818;3;10102781;5983,00
04820;1;10139596;3091,00
04823;2;10058304;331,00
04826;2;10204529;644,00
04827;3;10204147;1932,00
04830;2;10146173;3929,00
04834;1;10206916;2645,00
04838;3;10109471;4074,00
04839;1;10025016;4958,00
04840;3;10059396;4795,00
04842;3;10086258;510,00
04843;3;10007564;1707,00
04847;3;10041022;2209,00
04849;3;10103588;5268,00
04852;2;10149191;3058,00
04853;2;10014835;3775,00
04857;3;10228383;5469,00
04860;3;10166340;4864,00
04863;2;10065058;2539,00
04866;2;10202767;3300,00
04868;2;10228383;5026,00
04870;1;10208836;5908,00
04873;3;10016798;2010,00
04874;3;10030436;4386,00
04877;3;10238301;2279,00
04879;2;10173161;5731,00
04882;2;10232486;37,00
04884;1;10014835;5955,00
04886;3;10114843;3730,00
04889;1;10111173;329,00
04893;2;10074120;3008,00
04894;2;10160312;461,00
04897;1;10155153;1364,00
04900;3;10040128;2654,00
04904;3;10072214;3759,00
04908;1;10253758;1962,00
04911;2;10109067;4273,00
04915;1;10148722;5287,00
04916;1;10101106;4328,00
04918;2;10255193;3072,00
04919;1;10073691;263,00
04923;3;10191129;2094,00
04924;1;10172541;4239,00
04926;1;10277667;2173,00
04928;2;10193212;4528,00
04930;3;10059903;1299,00
04933;1;10037985;3245,00
04937;1;10033304;5599,00
04940;1;10205567;2114,00
04941;1;10019360;86,00
04943;1;10277667;1688,00
04944;1;10096296;1443,00
04945;3;10131099;2604,00
04946;2;10092230;4177,00
04950;2;10224386;3130,00
04951;2;10259208;3418,00
04955;2;10173161;935,00
04957;2;10166744;1416,00
04959;1;10150728;175,00
04961;1;10253256;5721,00
04962;3;10203546;5544,00
04965;1;10092230;5633,00
04969;2;10160537;3744,00
04970;2;10126483;4137,00
04973;2;10204266;2588,00
04977;1;10086258;1820,00
04978;1;10099727;169,00
04981;1;10009088;2177,00
04982;3;10127659;4620,00
04985;3;10200920;1886,00
04988;3;10010977;3146,00
04992;2;10199097;5920,00
04995;2;10110579;5699,00
04996;1;10029154;3595,00
05000;2;10083056;203,00
05003;1;10021464;2580,00
05005;1;10094378;2225,00
05009;1;10183948;747,00
05011;1;10224726;591,00
05013;3;10146173;5491,00
05015;1;10171216;210,00
05019;1;10079254;1261,00
05023;1;10211032;200,00
05027;3;10183445;3304,00
05028;1;10098434;286,00
05030;1;10011036;4322,00
05034;3;10197718;83,00
05036;1;10043477;2893,00
05039;1;10267139;5682,00
05042;3;10158576;942,00
05044;1;10025583;5835,00
05047;3;10063868;2449,00
05048;1;10236272;5949,00
05052;1;10224928;154,00
05054;1;10254654;2033,00
05057;2;10099876;5447,00
05058;2;10023240;5367,00
05060;1;10272791;5680,00
05061;3;10207004;3062,00
05065;3;10253256;2307,00
05068;3;10165358;520,00
05069;3;10120865;496,00
05073;1;10171342;4332,00
05074;2;10178963;59,00
05078;3;10207706;3152,00
05082;2;10111824;2403,00
05083;3;10236702;5859,00
05084;2;10048601;5337,00
05088;1;10167724;5074,00
05089;3;10013019;650,00
05093;2;10001352;884,00
05094;1;10041022;2121,00
05097;1;10027981;1931,00
05101;1;10239638;1950,00
05102;1;10105733;150,00
05106;1;10278399;4158,00
05107;2;10219554;819,00
05111;1;10215757;5399,00
05112;2;10073826;2859,00
05114;3;10138007;1599,00
05117;2;10100407;1617,00
05121;2;10210220;2970,00
05125;1;10087339;3688,00
05126;3;10061269;3959,00
05130;2;10078857;3376,00
05131;1;10182082;2547,00
05134;2;10219125;4670,00
05135;1;10165541;3776,00
05137;1;10254201;3318,00
05141;2;10211928;2893,00
05144;2;10084509;5312,00
05146;1;10178423;2244,00
05150;2;10262941;1367,00
05152;2;10100293;2646,00
05156;3;10118409;172,00
05157;1;10189791;5995,00
05158;1;10203546;5729,00
05160;2;10120233;2906,00
05161;3;10127068;210,00
05162;3;10101106;2506,00
05166;1;10219386;2545,00
05170;2;10274840;5994,00
05172;1;10082906;4723,00
05174;2;10104187;1691,00
05177;1;10111573;4505,00
05179;2;10038654;3076,00
05181;1;10181313;731,00
05185;3;10115755;5373,00
05189;1;10051837;1514,00
05193;1;10012499;1140,00
05194;1;10246748;5335,00
05196;3;10142575;5622,00
05197;1;10109556;2829,00
05199;2;10230555;2004,00
05201;1;10205061;877,00
05203;2;10271125;3127,00
05206;1;10120865;3795,00
05210;2;10236893;1283,00
05212;3;10115123;2695,00
05214;3;10147276;3158,00
05216;3;10252231;350,00
05219;3;10137632;5072,00
05220;1;10279505;1865,00
05221;1;10163459;717,00
05225;2;10266055;2589,00
05227;3;10004677;1610,00
05230;1;10034575;4473,00
05232;1;10279749;613,00
05234;1;10127659;2532,00
05238;2;10262595;496,00
05242;3;10183575;420,00
05246;2;10257700;2158,00
05247;3;10112708;4932,00
05249;1;10017815;4762,00
05253;2;10008810;2487,00
05254;2;10161440;2233,00
05258;2;10120345;3930,00
05261;3;10041882;1296,00
05262;1;10242863;1308,00
05264;3;10041825;2568,00
05265;1;10240527;380,00
05269;2;10137040;117,00
05271;3;10106532;5041,00
05273;1;10176613;5230,00
05274;3;10244609;2331,00
05276;1;10254201;625,00
05279;3;10107342;4422,00
05282;1;10236089;4520,00
05286;1;10223226;3452,00
05288;2;10189111;5179,00
05291;1;10033556;4675,00
05295;1;10230555;5470,00
05299;3;10248925;1744,00
05300;1;10024233;1191,00
05303;1;10045372;5563,00
05307;1;10160312;855,00
05308;1;10196778;4992,00
05311;1;10280050;3244,00
05314;3;10131707;4866,00
05317;1;10181313;4811,00
05321;1;10218622;141,00
05325;2;10252231;1456,00
05328;1;10042036;1591,00
05332;3;10143269;4172,00
05336;3;10208022;3678,00
05337;1;10109649;2272,00
05339;1;10220055;2331,00
05342;1;10022677;715,00
05343;3;10044166;576,00
05346;1;10110081;1154,00
05347;1;10107690;2814,00
05348;1;10268647;3371,00
05349;3;10239118;4264,00
05353;2;10246375;2142,00
05356;3;10188829;2288,00
05357;3;10143226;2499,00
05358;3;10236745;2408,00
05361;2;10235001;2352,00
05362;2;10254445;1474,00
05363;1;10212323;4782,00
05367;2;10183575;842,00
05369;3;10234239;4596,00
05373;1;10127951;4615,00
05374;3;10065032;4690,00
05375;3;10187075;389,00
05379;3;10147534;5797,00
05383;3;10077286;4104,00
05385;2;10160312;4111,00
05388;1;10278600;4455,00
05392;1;10217720;5103,00
05393;1;10034953;4955,00
05397;3;10026433;2109,00
05400;3;10195495;3430,00
05401;3;10158848;3681,00
05402;2;10202481;3722,00
05406;3;10041759;1975,00
05410;1;10237038;961,00
05412;1;10165980;5184,00
05413;1;10067488;4358,00
05417;2;10171936;2827,00
05420;2;10193692;912,00
05423;2;10275246;2928,00
05426;2;10184390;4348,00
05429;2;10244572;89,00
05431;3;10048029;140,00
05432;1;10050898;4392,00
05433;2;10124229;2998,00
05436;3;10216499;1691,00
05440;3;10066624;684,00
05442;1;10083101;2202,00
05443;1;10174694;3084,00
05444;1;10125642;1195,00
05447;1;10225575;3819,00
05450;1;10010546;4160,00
05454;3;10234417;5599,00
05457;1;10135821;4826,00
05458;1;10072214;3185,00
05459;1;10161400;1076,00
05461;3;10249787;3926,00
05463;1;10257700;1183,00
05464;1;10107342;3989,00
05465;3;10246580;3937,00
05468;1;10208951;5474,00
05469;3;10149395;1475,00
05471;3;10210052;4815,00
05475;3;10229336;5336,00
05479;2;10199097;1534,00
05481;1;10019164;413,00
05484;1;10085866;2029,00
05485;2;10257700;4673,00
05486;1;10168187;5215,00
05487;2;10170639;4023,00
05490;2;10185666;339,00
05491;1;10228000;4275,00
05493;3;10262407;1717,00
05495;1;10249592;2061,00
05499;1;10099465;3881,00
05500;2;10234417;2547,00
05502;1;10087339;2674,00
05506;1;10003629;3048,00
05509;3;10011036;5848,00
05512;1;10009580;4780,00
05513;3;10200296;4754,00
05516;1;10089708;5183,00
05520;1;10005605;1191,00
05521;1;10026828;5701,00
05524;3;10131148;941,00
05528;1;10135433;839,00
05530;1;10151449;2034,00
05531;1;10262566;4215,00
05534;1;10081823;2238,00
05535;3;10115805;2450,00
05537;3;10257181;3135,00
05541;3;10178963;1412,00
05543;2;10162674;5742,00
05546;3;10057114;3625,00
05548;1;10063868;3357,00
05549;3;10013486;3176,00
05553;2;10020283;3712,00
05556;1;10267210;3295,00
05557;1;10241784;4491,00
05561;1;10094208;202,00
05565;3;10079504;260,00
05566;3;10114563;127,00
05569;1;10214862;1308,00
05572;1;10267763;993,00
05573;1;10255824;4424,00
05575;3;10123259;1067,00
05579;3;10084944;3542,00
05582;1;10029940;3267,00
05585;3;10245108;4120,00
05589;1;10081147;1152,00
05591;1;10242544;3150,00
05594;3;10124873;163,00
05595;1;10223207;982,00
05598;3;10056677;3783,00
05602;2;10079540;4592,00
05606;3;10199300;3307,00
05608;1;10240335;5879,00
05611;3;10025723;4594,00
05614;1;10159204;4139,00
05615;3;10204529;4078,00
05616;2;10179803;2392,00
05617;1;10152169;964,00
05621;2;10221819;301,00
05622;1;10172163;1679,00
05624;2;10133790;353,00
05625;3;10080575;2686,00
05626;2;10193068;2227,00
05630;3;10001655;3791,00
05633;1;10225799;4377,00
05634;3;10205567;4740,00
05635;1;10105599;3268,00
05639;1;10226165;2193,00
05640;1;10214322;3941,00
05641;2;10280509;5887,00
05645;3;10163485;1331,00
05647;1;10054262;2347,00
05651;2;10034758;1717,00
05653;1;10227177;1412,00
05656;3;10033061;5348,00
05659;2;10133326;5272,00
05662;3;10274798;5937,00
05666;1;10140858;4060,00
05667;3;10145222;722,00
05670;2;10185344;2631,00
05674;3;10150678;3716,00
05676;2;10248654;217,00
05678;3;10114920;2949,00
05681;3;10184277;1422,00
05684;3;10093768;646,00
05686;3;10005112;4166,00
05689;3;10054262;3522,00
05693;1;10235568;2454,00
05694;1;10003813;460,00
05697;3;10253256;2977,00
05699;2;10024100;985,00
05701;1;10144479;599,00
05702;1;10195808;1281,00
05703;2;10057312;5753,00
05706;1;10143269;4519,00
05709;3;10176279;292,00
05710;2;10129912;5576,00
05711;2;10065257;4317,00
05712;3;10153294;4455,00
05716;2;10101810;5481,00
05719;1;10178070;1039,00
05720;3;10120153;5663,00
05723;1;10184390;5889,00
05727;1;10116843;49,00
05728;1;10268924;3542,00
05730;1;10016440;1324,00
05734;2;10219125;1633,00
05735;1;10247920;2495,00
05737;3;10271044;4047,00
05740;1;10205280;2303,00
05742;3;10098219;4632,00
05743;1;10039335;1293,00
05746;3;10222950;5656,00
05750;1;10066501;4515,00
05751;3;10176140;1328,00
05754;1;10144726;3225,00
05755;3;10048988;773,00
05757;3;10221256;4725,00
05761;1;10238301;3817,00
05765;1;10140362;433,00
05769;3;10202925;1119,00
05770;1;10175404;5728,00
05771;3;10191612;5083,00
05774;2;10088328;3696,00
05775;3;10042812;5910,00
05779;3;10040442;4636,00
05783;2;10018488;2457,00
05784;2;10070242;4698,00
05787;3;10008922;305,00
05791;1;10258667;5743,00
05794;3;10157253;2663,00
05796;2;10146592;4962,00
05797;3;10263862;5154,00
05801;1;10228931;5693,00
05803;2;10132665;4140,00
05807;2;10120499;2418,00
05808;2;10073826;5462,00
05812;3;10161951;661,00
05814;3;10131099;4423,00
05815;3;10258389;1154,00
05816;1;10180869;1139,00
05817;2;10002637;1206,00
05820;3;10168187;1133,00
05823;1;10046405;5241,00
05824;1;10021464;948,00
05825;3;10249949;5081,00
05826;3;10245108;1457,00
05830;2;10102465;3438,00
05832;1;10158848;499,00
05834;3;10031730;2985,00
05838;1;10232536;131,00
05842;1;10212060;4569,00
05843;1;10154590;1662,00
05847;1;10152700;5098,00
05849;3;10144320;3040,00
05853;1;10026492;4464,00
05857;3;10253461;4271,00
05861;1;10020381;5913,00
05864;1;10070683;3726,00
05868;1;10181694;2638,00
05869;2;10190262;383,00
05872;2;10108022;1038,00
05873;3;10020592;4028,00
05875;1;10085725;1389,00
05877;3;10131707;4762,00
05878;2;10204266;4671,00
05879;1;10273509;2167,00
05880;3;10095805;5698,00
05884;3;10081732;3235,00
05888;3;10032513;1584,00
05891;3;10051551;5566,00
05895;1;10169526;31,00
05896;1;10038458;3373,00
05900;1;10033899;120,00
05901;2;10202925;5466,00
05905;3;10062946;4460,00
05908;2;10213666;5317,00
05912;2;10049647;5075,00
05913;2;10136815;670,00
05916;2;10031486;4773,00
05917;3;10193692;400,00
05918;3;10223903;1493,00
05920;1;10073826;855,00
05921;2;10274440;4984,00
05925;1;10126736;213,00
05927;3;10070566;3622,00
05929;2;10211702;130,00
05930;1;10013107;923,00
05934;3;10033061;2590,00
05936;1;10028436;4929,00
05937;3;10080631;3907,00
05938;2;10216022;615,00
05941;3;10249845;13,00
05942;3;10092230;3149,00
05943;2;10254159;2620,00
05944;1;10089455;4760,00
05948;1;10201647;5632,00
05952;1;10262732;4943,00
05953;1;10034360;3492,00
05954;1;10239194;565,00
05955;2;10272593;4943,00
05957;3;10189311;1330,00
05959;3;10167160;4957,00
05963;2;10268549;4652,00
05966;2;10237867;1573,00
05968;1;10279292;920,00
05969;3;10116843;3337,00
05973;1;10242696;5728,00
05975;3;10088416;4400,00
05976;1;10145670;4552,00
05977;3;10201954;4848,00
05981;3;10257158;5955,00
05982;1;10275611;1721,00
05984;1;10203928;5688,00
05988;1;10024100;4351,00
05992;1;10181284;3904,00
05996;2;10120233;5051,00
06000;1;10046405;1155,00
06004;1;10149873;4514,00
06006;1;10012810;3224,00
06007;1;10017605;1234,00
06010;3;10069270;4098,00
06012;2;10064509;1268,00
06013;1;10105632;3631,00
06016;3;10029744;4221,00
06018;3;10229209;2149,00
06022;3;10195311;2913,00
06025;3;10113835;2527,00
06026;2;10109067;3589,00
06028;2;10127568;3263,00
06029;1;10022380;5450,00
06030;1;10183575;3671,00
06034;3;10221591;5773,00
06035;3;10223207;2000,00
06037;3;10231257;3518,00
06041;2;10270464;2040,00
06045;1;10033061;2087,00
06047;1;10049817;5733,00
06048;1;10185851;1215,00
06050;3;10279818;2756,00
06054;3;10029940;5022,00
06058;3;10189791;3959,00
06061;3;10033304;4222,00
06064;3;10068288;4210,00
06068;1;10170934;1025,00
06069;1;10172195;2772,00
06070;1;10251560;4368,00
06074;3;10004144;1423,00
06078;2;10266285;3455,00
06080;1;10200712;5169,00
06081;2;10090329;1707,00
06085;3;10254469;3439,00
06086;3;10139818;2348,00
06090;3;10237210;2093,00
06092;3;10126598;5864,00
06094;2;10122104;4415,00
06098;3;10128567;549,00
06101;1;10003089;3281,00
06102;1;10147561;4512,00
06103;1;10224819;2977,00
06104;2;10236122;1584,00
06108;1;10230285;4759,00
06111;1;10081586;2593,00
06115;1;10021114;4401,00
06116;1;10115405;2254,00
06118;3;10048988;266,00
06120;1;10207004;1842,00
06124;1;10162573;2305,00
06125;3;10022380;1290,00
06127;3;10041990;3614,00
06129;3;10235753;3629,00
06133;2;10106211;5589,00
06135;1;10188567;3109,00
06138;3;10181400;658,00
06140;1;10257359;3638,00
06144;3;10104420;251,00
06148;3;10150108;5920,00
06151;3;10091314;5887,00
06153;1;10038654;5087,00
06154;1;10263320;2262,00
06157;1;10217355;979,00
06160;3;10242544;2981,00
06161;1;10029617;4539,00
06162;3;10064909;734,00
06165;1;10278888;2944,00
06169;3;10003629;5430,00
06170;3;10241032;94,00
06173;2;10078760;2419,00
06177;1;10175404;2956,00
06179;2;10020283;4883,00
06182;3;10070242;173,00
06185;1;10078760;3528,00
06187;1;10262529;718,00
06188;2;10225733;4396,00
06189;2;10151915;1395,00
06190;3;10006763;2088,00
06194;2;10144320;2841,00
06197;2;10145222;3862,00
06198;1;10029154;1992,00
06199;2;10062006;3679,00
06202;1;10123521;5461,00
06203;1;10097932;2173,00
06204;1;10254858;1272,00
06206;1;10022619;5652,00
06207;2;10095012;2700,00
06209;1;10203344;2204,00
06212;3;10028808;2562,00
06214;1;10106211;1341,00
06215;1;10109471;3398,00
06217;3;10059065;4175,00
06221;3;10086657;1700,00
06222;3;10018218;3870,00
06226;3;10235001;16,00
06227;1;10161951;2565,00
06229;3;10004018;272,00
06230;2;10216744;617,00
06232;1;10081147;4861,00
06235;3;10057524;2936,00
06236;1;10116095;3109,00
06237;3;10163201;279,00
06240;1;10043334;868,00
06244;3;10225321;22,00
06245;3;10150052;938,00
06247;1;10227005;3280,00
06248;2;10048207;757,00
06250;1;10226165;5304,00
06253;3;10005605;2519,00
06255;1;10077478;1311,00
06257;1;10273885;3521,00
06260;1;10066501;1517,00
06264;1;10205820;4277,00
06268;2;10278784;1513,00
06269;3;10195140;2660,00
06271;1;10104005;3685,00
06274;1;10030614;2928,00
06275;1;10175894;4586,00
06276;3;10229279;1150,00
06279;3;10205938;3151,00
06282;3;10087182;3989,00
06286;1;10065032;4862,00
06288;3;10088091;2306,00
06290;3;10043182;3238,00
06293;1;10083437;411,00
06294;3;10107219;5742,00
06298;1;10069270;559,00
06302;1;10066166;1260,00
06306;3;10274620;476,00
06310;3;10260321;1598,00
06312;1;10226165;1098,00
06315;1;10115034;1457,00
06316;1;10006889;1857,00
06317;3;10024233;48,00
06318;2;10243665;3579,00
06321;3;10254469;5411,00
06323;2;10177096;2508,00
06327;2;10008810;3460,00
06331;1;10104834;3509,00
06335;3;10142810;5379,00
06337;1;10173787;4418,00
06339;1;10267139;2572,00
06342;3;10267670;201,00
06344;1;10102781;132,00
06345;2;10262194;1299,00
06349;1;10056776;928,00
06350;1;10179989;2702,00
06352;1;10199853;3990,00
06355;2;10164928;4295,00
06356;3;10123429;4616,00
06357;3;10083101;5540,00
06358;1;10187630;526,00
06361;1;10039084;643,00
06365;3;10091314;2693,00
06367;2;10237653;4025,00
06368;3;10131148;3227,00
06369;2;10077792;5215,00
06372;2;10221977;792,00
06374;3;10174360;466,00
06378;2;10073130;794,00
06381;3;10239638;2456,00
06385;3;10020430;2897,00
06386;2;10124229;2972,00
06390;3;10234239;1517,00
06392;1;10017297;4231,00
06394;3;10118673;5473,00
06396;3;10102325;2427,00
06398;3;10017259;5147,00
06400;1;10228109;2881,00
06402;3;10144320;1961,00
06403;1;10030229;1789,00
06407;2;10113292;3417,00
06410;1;10098713;620,00
06411;3;10219386;3341,00
06412;1;10155357;3147,00
06414;3;10036885;484,00
06418;1;10218082;3071,00
06422;1;10070566;3259,00
06424;1;10020381;2143,00
06427;2;10065887;5539,00
06429;3;10023481;5,00
06430;1;10118673;105,00
06433;2;10232718;4018,00
06434;3;10236996;3004,00
06438;1;10147632;3761,00
06440;1;10150605;809,00
06442;1;10073451;2891,00
06443;1;10140547;1583,00
06447;3;10130172;1188,00
06449;1;10208003;5110,00
06451;1;10025583;5513,00
06455;2;10213223;1421,00
06458;1;10046194;2025,00
06461;1;10162674;2571,00
06464;3;10045890;2402,00
06467;1;10112237;3234,00
06468;3;10017140;521,00
06469;2;10268647;4672,00
06470;1;10133658;1690,00
06474;2;10244877;5789,00
06475;1;10046782;4490,00
06479;1;10152169;2030,00
06480;1;10236272;5489,00
06484;1;10161400;2551,00
06487;2;10097385;5659,00
06489;1;10277345;5746,00
06492;3;10241087;1685,00
06496;3;10051551;4275,00
06498;1;10078548;2704,00
06501;1;10112237;5489,00
06502;1;10156182;1012,00
06504;3;10200333;3150,00
06508;3;10260620;4180,00
06510;3;10075043;5884,00
06511;2;10073826;3443,00
06513;3;10144320;4971,00
06516;1;10144138;5299,00
06519;1;10075850;2985,00
06520;3;10070566;5693,00
06523;1;10241087;4442,00
06525;1;10008651;3479,00
06526;3;10053796;1524,00
06530;1;10181284;4465,00
06533;2;10104187;401,00
06535;1;10015366;5896,00
06538;3;10230528;960,00
06541;1;10129912;2412,00
06544;2;10193212;2023,00
06548;1;10058190;637,00
06551;1;10085866;3552,00
06554;2;10155951;194,00
06557;1;10087725;3511,00
06561;1;10217151;3626,00
06563;3;10054262;3754,00
06565;2;10153968;1077,00
06569;2;10018082;4586,00
06572;1;10240527;3730,00
06573;3;10057614;508,00
06576;2;10035857;296,00
06580;2;10075043;1083,00
06581;1;10267139;4322,00
06582;2;10271770;4822,00
06585;3;10167616;2959,00
06589;1;10045712;2874,00
06593;1;10233692;49,00
06595;2;10275150;1086,00
06598;2;10066064;2136,00
06600;3;10228420;1752,00
06602;3;10202767;4105,00
06604;3;10035857;2177,00
06606;1;10144479;2426,00
06607;2;10205280;1380,00
06608;2;10166879;1804,00
06609;3;10250854;1786,00
06611;2;10127107;1293,00
06612;2;10207194;2374,00
06614;3;10108517;1397,00
06615;1;10164247;2443,00
06618;1;10165238;5010,00
06621;3;10100005;4780,00
06622;1;10061597;3585,00
06624;1;10150468;5562,00
06625;1;10006139;1463,00
06627;1;10146997;879,00
06630;1;10065257;1789,00
06633;1;10232230;1290,00
06637;1;10196778;1168,00
06641;2;10207588;1572,00
06645;1;10082096;2045,00
06649;3;10006763;1247,00
06652;3;10242315;3667,00
06655;2;10121534;2203,00
06658;1;10195966;3941,00
06661;2;10065723;1814,00
06662;3;10215098;1232,00
06664;2;10253301;636,00
06665;3;10255193;1004,00
06666;2;10013486;420,00
06667;1;10136548;1227,00
06670;1;10010920;1882,00
06671;1;10158576;3065,00
06673;1;10053390;3080,00
06676;1;10093027;1337,00
06680;3;10199701;2123,00
06682;3;10097159;3980,00
06685;2;10075103;722,00
06688;3;10192471;5211,00
06692;3;10041287;504,00
06694;2;10253822;4052,00
06698;1;10126941;2821,00
06700;3;10066064;5559,00
06702;1;10217720;4821,00
06706;2;10230555;224,00
06710;2;10269103;5506,00
06713;3;10267819;2657,00
06716;1;10134953;2305,00
06719;1;10245250;5593,00
06723;1;10270681;1948,00
06725;1;10159580;924,00
06728;2;10105084;2084,00
06732;2;10249315;1672,00
06736;2;10235001;4602,00
06737;2;10001474;4261,00
06738;1;10098953;4435,00
06739;1;10273424;3501,00
06742;3;10079540;4117,00
06745;3;10043477;3797,00
06748;3;10252121;870,00
06749;1;10171342;2911,00
06750;2;10253758;207,00
06753;3;10252776;2356,00
06754;3;10122104;1662,00
06758;3;10045712;2605,00
06761;3;10224819;3940,00
06765;3;10242804;3817,00
06768;1;10254858;4656,00
06769;1;10138866;56,00
06772;2;10155455;1996,00
06774;1;10146997;5694,00
06777;2;10269268;4543,00
06780;3;10133064;5208,00
06784;1;10172541;5660,00
06786;2;10079254;1284,00
06790;1;10153794;3629,00
06792;2;10280050;5946,00
06796;1;10252483;5023,00
06798;3;10224928;1563,00
06802;2;10261150;5722,00
06806;1;10122984;1831,00
06807;3;10271674;5715,00
06809;1;10125443;5162,00
06812;3;10062270;3419,00
06814;1;10190779;2182,00
06815;1;10041759;5030,00
06818;3;10016798;2217,00
06821;1;10197363;5074,00
06825;1;10077286;1731,00
06827;3;10014537;4484,00
06828;3;10148917;5299,00
06829;3;10146592;3293,00
06831;1;10009248;1666,00
06834;1;10221501;4447,00
06835;3;10213223;5545,00
06838;1;10116031;717,00
06841;3;10193471;1020,00
06845;3;10267715;234,00
06847;3;10193212;2783,00
06850;3;10042544;3959,00
06854;1;10187714;849,00
06856;3;10201436;5635,00
06857;1;10198473;4186,00
06861;1;10059903;5162,00
06863;3;10018082;4104,00
06867;3;10018865;4918,00
06869;1;10224819;5906,00
06873;1;10068398;3412,00
06875;1;10150728;2730,00
06878;2;10115805;3299,00
06882;2;10221482;1593,00
06883;3;10163626;5387,00
06884;2;10190262;1118,00
06887;1;10242544;2033,00
06889;3;10161113;4570,00
06890;1;10081147;3628,00
06893;3;10048100;5126,00
06894;3;10105818;3237,00
06895;2;10098953;209,00
06897;1;10178070;1201,00
06898;2;10092451;3396,00
06900;1;10013716;2533,00
06904;2;10145510;5089,00
06908;3;10237038;1758,00
06912;3;10156361;1872,00
06915;1;10263978;2939,00
06916;1;10033767;2278,00
06917;3;10034360;3573,00
06920;1;10201436;1341,00
06923;1;10152336;4329,00
06924;2;10037594;4541,00
06928;3;10256768;2571,00
06932;2;10188567;982,00
06934;1;10089594;5350,00
06937;3;10154439;4398,00
06941;3;10010546;1776,00
06942;2;10006525;5126,00
06944;3;10167980;5205,00
06946;3;10016440;248,00
06950;3;10166340;5085,00
06953;2;10190965;1607,00
06954;1;10207588;1060,00
06958;1;10080631;2465,00
06959;2;10178070;5875,00
06963;3;10008651;1742,00
06967;3;10152336;3230,00
06970;1;10220132;5515,00
06972;1;10253822;2549,00
06974;2;10110600;733,00
06975;2;10041825;5952,00
06976;1;10176140;2889,00
06977;2;10066166;987,00
06980;3;10153794;2471,00
06983;1;10003419;3329,00
06986;3;10186579;2150,00
06989;1;10142314;3819,00
06993;3;10009580;2374,00
06997;1;10147534;5214,00
06998;2;10059660;1169,00
07002;3;10161697;2234,00
07004;1;10199250;2889,00
07006;3;10176371;4846,00
07009;2;10131898;1610,00
07011;3;10127107;5369,00
07014;3;10133516;5658,00
07015;1;10026410;3554,00
07019;2;10176371;4500,00
07021;1;10034953;1989,00
07023;3;10242091;1661,00
07024;3;10129981;3851,00
07027;3;10068108;3843,00
07031;2;10078970;1620,00
07033;1;10091567;1349,00
07036;1;10198631;2374,00
07040;1;10258278;1165,00
07044;3;10049647;5997,00
07046;1;10181032;1598,00
07049;1;10139818;5435,00
07050;1;10163626;2321,00
07053;3;10025495;1420,00
07054;3;10082096;4684,00
07056;3;10082344;411,00
07058;1;10155988;1730,00
07061;3;10093613;4388,00
07064;3;10191612;3461,00
07065;2;10049405;231,00
07066;2;10135953;4397,00
07067;2;10050468;1966,00
07071;2;10030436;5959,00
07072;1;10119139;3879,00
07076;3;10174556;653,00
07078;3;10188325;3580,00
07081;3;10009480;4041,00
07084;3;10063385;817,00
07088;1;10254654;3325,00
07092;3;10253461;4116,00
07094;3;10023740;2608,00
07095;3;10078760;5727,00
07099;2;10169135;5393,00
07103;3;10237210;726,00
07106;2;10077792;1953,00
07107;2;10090329;2602,00
07111;1;10197921;425,00
07112;1;10277667;87,00
07115;1;10158920;4175,00
07118;3;10036808;1349,00
07120;1;10024514;3878,00
07121;3;10176451;4789,00
07125;1;10217504;1002,00
07128;1;10120153;69,00
07132;1;10120499;586,00
07134;1;10207429;2287,00
07138;1;10039533;659,00
07142;3;10266965;531,00
07144;2;10211032;4096,00
07146;2;10066064;3691,00
07148;2;10111824;1662,00
07151;2;10171342;5316,00
07154;1;10041287;2702,00
07158;1;10253758;4575,00
07162;1;10184485;4982,00
07165;1;10095988;182,00
07166;3;10215721;5330,00
07169;2;10079880;2024,00
07173;1;10171760;5619,00
07175;2;10011832;4257,00
07179;3;10116242;3439,00
07183;1;10073691;5360,00
07187;3;10097159;472,00
07190;1;10211702;1730,00
07194;1;10054774;2325,00
07197;1;10248451;5678,00
07198;3;10125783;4659,00
07202;3;10267763;4269,00
07204;1;10177438;835,00
07205;3;10194231;2676,00
07209;3;10221501;2834,00
07212;2;10077036;3679,00
07216;1;10029781;5848,00
07218;2;10008114;3450,00
07221;3;10153156;4303,00
07222;2;10186041;370,00
07224;3;10095369;4449,00
07226;2;10246580;5011,00
07228;2;10139058;4572,00
07232;2;10061597;3420,00
07235;3;10011404;5460,00
07236;3;10199300;4858,00
07240;3;10203546;3364,00
07241;1;10228000;2316,00
07245;1;10173787;5914,00
07249;3;10068753;1621,00
07252;3;10216858;3671,00
07253;3;10035704;1148,00
07257;1;10188758;386,00
07259;3;10207952;2073,00
07263;3;10143085;2370,00
07264;3;10099876;1794,00
07265;1;10022619;5728,00
07268;3;10240683;3019,00
07269;1;10271504;5887,00
07271;1;10241784;1372,00
07275;3;10240086;3475,00
07276;3;10266285;351,00
07280;3;10234417;28,00
07282;1;10030436;178,00
07286;2;10193106;4995,00
07287;2;10272593;2560,00
07290;1;10238680;2453,00
07291;1;10150728;76,00
07293;1;10057087;4559,00
07297;2;10225321;3211,00
07298;3;10011148;1319,00
07300;1;10033556;510,00
07304;1;10193692;2683,00
07307;1;10235001;5155,00
07308;1;10082906;1693,00
07311;3;10267419;543,00
07312;3;10018865;706,00
07314;2;10193212;1247,00
07317;2;10030038;4094,00
07319;1;10014220;4524,00
07321;1;10093810;1638,00
07325;3;10049876;164,00
07327;3;10056677;2694,00
07330;3;10073826;1797,00
07334;2;10016798;1853,00
07337;3;10255824;391,00
07341;3;10197789;3460,00
07345;3;10231438;2122,00
07347;1;10265400;5284,00
07348;3;10022619;1673,00
07349;3;10148575;5639,00
07353;1;10193068;5442,00
07357;2;10045639;2475,00
07361;3;10154439;1517,00
07363;2;10127734;398,00
07367;1;10047938;1908,00
07371;1;10267210;1933,00
07373;1;10208003;1117,00
07375;1;10053057;4095,00
07378;2;10193068;3510,00
07382;1;10097932;4809,00
07386;3;10018218;5580,00
07389;1;10221482;2973,00
07393;2;10121716;1782,00
07395;2;10160495;2056,00
07396;2;10215037;4591,00
07397;3;10082549;1118,00
07401;2;10222707;1951,00
07403;3;10025321;1495,00
07404;3;10065887;2876,00
07406;2;10055701;4052,00
07410;3;10146997;3682,00
07411;3;10119399;1107,00
07412;1;10004239;3495,00
07413;1;10022677;3498,00
07416;3;10089202;1119,00
07417;3;10114121;2634,00
07418;3;10252121;611,00
07421;1;10257776;5163,00
07425;1;10057524;4656,00
07426;3;10123521;1534,00
07428;3;10254025;2217,00
07430;1;10020467;3608,00
07431;2;10156841;648,00
07432;3;10199853;5669,00
07434;3;10052225;4885,00
07438;3;10143085;4283,00
07440;1;10212692;5060,00
07443;3;10103103;3391,00
07447;3;10083056;3568,00
07450;3;10273539;3618,00
07451;1;10049876;4591,00
07452;1;10246469;912,00
07455;1;10180869;1314,00
07456;2;10257359;4492,00
07457;1;10120499;3730,00
07458;1;10278784;5877,00
07459;3;10257158;3842,00
07463;3;10248654;1305,00
07465;1;10044671;2044,00
07467;1;10150678;3975,00
07471;3;10143321;2169,00
07474;1;10105632;2855,00
07476;3;10204266;5842,00
07477;3;10112474;5498,00
07479;3;10084944;1173,00
07480;1;10195966;3197,00
07482;1;10057770;3741,00
07483;1;10030436;836,00
07487;1;10109649;3453,00
07490;3;10143226;2645,00
07492;1;10063105;4336,00
07495;3;10273276;493,00
07496;2;10000500;5683,00
07498;1;10118673;291,00
07502;3;10189791;5980,00
07503;1;10193692;3883,00
07504;2;10049280;374,00
07505;3;10204946;3773,00
07507;3;10185450;3459,00
07510;2;10232718;624,00
07513;3;10214602;3060,00
07516;3;10238532;2212,00
07518;3;10123722;3532,00
07520;1;10239744;3773,00
07523;3;10226418;3789,00
07527;3;10245597;1862,00
07530;3;10220854;502,00
07531;3;10187836;2329,00
07535;3;10206236;4780,00
07537;2;10090797;1874,00
07539;3;10186323;4209,00
07542;2;10194032;5343,00
07543;2;10116242;1351,00
07546;1;10094378;5932,00
07547;1;10140220;3817,00
07550;3;10069270;4442,00
07554;3;10202242;2518,00
07558;3;10185183;1029,00
07561;1;10204147;70,00
07564;1;10181808;623,00
07567;3;10169135;4993,00
07570;1;10010170;2646,00
07573;3;10065235;2212,00
07574;1;10065257;5918,00
07575;2;10125215;623,00
07579;3;10216358;535,00
07581;2;10072800;3479,00
07584;1;10256453;4602,00
07585;3;10250854;5824,00
07588;1;10260538;3142,00
07591;2;10047938;5637,00
07594;2;10063048;4433,00
07595;1;10214602;960,00
07596;1;10255824;2383,00
07600;1;10137116;4855,00
07601;1;10064736;5816,00
07602;1;10187714;4076,00
07606;1;10193879;4080,00
07610;3;10148782;2417,00
07611;1;10271674;885,00
07613;3;10130270;2857,00
07615;3;10192857;165,00
07618;3;10242315;983,00
07622;3;10161697;620,00
07623;1;10005605;1229,00
07625;1;10215037;5344,00
07626;3;10201222;4856,00
07630;2;10098219;476,00
07634;1;10139596;5606,00
07638;3;10257700;5616,00
07639;3;10040586;2598,00
07641;1;10162573;1633,00
07643;1;10158848;4070,00
07646;1;10198063;682,00
07648;3;10245250;5469,00
07652;1;10192857;1579,00
07656;1;10197517;4229,00
07659;1;10085521;3898,00
07663;3;10019360;2818,00
07666;1;10090329;1286,00
07670;2;10139938;3142,00
07674;1;10234239;5439,00
07675;3;10074228;3815,00
07676;3;10109471;3924,00
07680;2;10133560;1283,00
07684;2;10132108;563,00
07687;1;10025016;5149,00
07691;2;10059396;5770,00
07692;2;10202242;3810,00
07694;2;10044585;1860,00
07695;3;10054997;5000,00
07696;2;10082549;5498,00
07697;3;10219866;1454,00
07701;3;10106101;2725,00
07702;1;10170934;1968,00
07704;1;10220729;5190,00
07708;3;10155951;5089,00
07709;3;10193879;1307,00
07711;3;10157696;5809,00
07714;3;10046782;5647,00
07716;2;10085638;5829,00
07720;2;10275478;434,00
07721;3;10143856;3868,00
07722;1;10224634;1907,00
07726;1;10106780;1002,00
07727;1;10051284;2383,00
07731;3;10101357;2642,00
07732;3;10192268;2276,00
07734;1;10135152;3916,00
07738;3;10072171;368,00
07740;3;10225321;2134,00
07742;1;10048100;2241,00
07743;3;10014968;2880,00
07745;1;10033767;2951,00
07746;1;10032652;1127,00
07750;2;10148917;3798,00
07751;2;10025457;3055,00
07755;2;10252231;3398,00
07757;1;10040442;4467,00
07758;1;10156802;4928,00
07762;1;10021114;2379,00
07764;1;10216022;3080,00
07766;3;10078317;3900,00
07770;1;10179249;4460,00
07772;1;10108710;2063,00
07774;1;10257158;1267,00
07778;1;10085725;5442,00
07782;3;10168854;3075,00
07783;3;10215358;231,00
07787;3;10277968;518,00
07788;1;10251131;2585,00
07792;1;10221256;667,00
07795;3;10198588;2492,00
07796;3;10207004;3060,00
07799;3;10064868;659,00
07801;1;10065608;5772,00
07802;3;10065257;3714,00
07804;1;10089631;3148,00
07806;1;10140674;2760,00
07810;1;10212401;3100,00
07811;1;10239744;999,00
07814;3;10187630;4746,00
07818;1;10253758;5319,00
07821;1;10244609;4556,00
07823;2;10049647;5574,00
07827;3;10145577;2296,00
07828;1;10073568;1581,00
07831;1;10245310;5330,00
07833;2;10197164;263,00
07834;3;10194996;5184,00
07836;3;10069270;2014,00
07837;2;10057312;372,00
07841;3;10023240;3295,00
07844;1;10156841;5452,00
07848;1;10134665;2970,00
07850;3;10157488;3228,00
07854;1;10063124;2334,00
07858;1;10048004;3408,00
07859;1;10028436;2351,00
07863;1;10184277;1095,00
07867;1;10040556;5827,00
07869;2;10117517;418,00
07871;1;10252427;3451,00
07872;1;10273885;235,00
07875;1;10174029;5121,00
07879;1;10181454;939,00
07881;2;10030038;1379,00
07883;2;10238532;1791,00
07887;2;10141216;1547,00
07890;3;10206097;763,00
07891;1;10056965;1178,00
07892;2;10237173;5965,00
07896;2;10088184;181,00
07899;3;10268924;2698,00
07901;3;10103364;3111,00
07904;2;10062270;4930,00
07907;1;10161113;1569,00
07910;1;10032513;5688,00
07914;2;10180701;4049,00
07918;1;10020557;4863,00
07919;2;10204529;5215,00
07923;1;10057614;1869,00
07925;2;10178721;932,00
07927;3;10241087;4288,00
07930;1;10015316;921,00
07932;3;10200503;5117,00
07934;1;10073451;1844,00
07936;1;10213952;682,00
07937;2;10163459;158,00
07940;1;10018591;3067,00
07942;1;10026433;4040,00
07945;1;10098953;83,00
07949;1;10219866;2936,00
07953;3;10204403;4525,00
07955;3;10107505;3896,00
07956;3;10050035;4481,00
07959;3;10174694;3566,00
07962;3;10142575;653,00
07964;3;10241032;1696,00
07966;2;10082096;2769,00
07967;2;10195079;4340,00
07968;1;10087339;3947,00
07972;3;10273539;5547,00
07976;1;10131793;1810,00
07977;1;10276631;2640,00
07978;1;10073451;1732,00
07979;3;10216858;55,00
07982;2;10262595;4516,00
07983;1;10144689;2175,00
07985;1;10199701;4166,00
07988;1;10158042;4607,00
07990;1;10103588;853,00
07991;1;10052263;2395,00
07992;1;10226165;2353,00
07995;1;10261909;573,00
07997;1;10064091;564,00
07998;1;10062674;5947,00
07999;1;10191129;2482,00
08003;2;10092648;3419,00
08005;2;10270681;908,00
08009;3;10132108;1474,00
08012;1;10111339;1414,00
08014;1;10217720;4168,00
08015;3;10252776;4369,00
08019;2;10214677;5690,00
08021;1;10237653;2745,00
08024;3;10189076;695,00
08027;3;10138310;4441,00
08028;2;10243123;3095,00
08030;3;10230285;5838,00
08034;3;10000227;2655,00
08038;1;10057524;5769,00
08041;1;10229209;2861,00
08042;1;10257033;1385,00
08045;3;10014354;1558,00
08046;3;10220457;430,00
08047;1;10088757;504,00
08050;1;10070566;2173,00
08054;1;10027981;4818,00
08055;3;10075959;2853,00
08056;2;10040472;2323,00
08060;1;10228420;3946,00
08063;1;10159580;5017,00
08066;1;10155455;599,00
08069;3;10157253;1577,00
08071;1;10001084;2995,00
08072;2;10150108;4010,00
08073;2;10274440;1271,00
08076;1;10109649;4414,00
08080;2;10150387;3607,00
08083;3;10036808;1763,00
08084;1;10237653;3967,00
08087;3;10176756;2373,00
08090;1;10082549;5778,00
08094;3;10097159;2948,00
08097;1;10027248;5288,00
08101;1;10002036;72,00
08104;3;10223207;2531,00
08105;2;10025297;226,00
08108;2;10007268;1860,00
08109;1;10143269;5837,00
08111;2;10051934;4458,00
08114;3;10018120;1430,00
08117;3;10181032;315,00
08119;3;10214134;4968,00
08122;3;10168187;2009,00
08124;3;10140220;2776,00
08127;2;10003813;3483,00
08131;1;10018218;4860,00
08132;1;10255410;1395,00
08136;1;10100407;502,00
08139;2;10088091;3877,00
08140;1;10108159;5088,00
08141;2;10013019;420,00
08145;1;10070566;5522,00
08149;2;10136319;3074,00
08152;1;10221591;4675,00
08154;1;10063868;3894,00
08158;1;10277345;5875,00
08160;2;10177241;5835,00
08164;1;10013107;4103,00
08165;3;10053057;1488,00
08168;1;10258626;2008,00
08172;1;10103588;5935,00
08174;3;10189076;3107,00
08178;2;10008114;966,00
08182;1;10215098;604,00
08183;3;10235568;2077,00
08187;1;10274000;2682,00
08188;1;10057614;4093,00
08192;1;10195311;5516,00
08196;2;10009580;4928,00
08200;3;10058055;1797,00
08204;1;10146065;5606,00
08205;2;10092747;1227,00
08206;3;10277667;4115,00
08210;3;10142631;2845,00
08211;3;10235753;2495,00
08213;3;10120865;4655,00
08216;3;10033061;1551,00
08219;3;10224689;347,00
08222;1;10053796;311,00
08224;3;10240335;477,00
08227;1;10268924;1809,00
08230;3;10146650;4949,00
08232;3;10246375;4520,00
08236;3;10018120;2691,00
08239;1;10059285;2920,00
08241;2;10275307;2399,00
08243;1;10130203;2278,00
08244;3;10085521;1398,00
08245;1;10041759;5723,00
08248;1;10233997;425,00
08249;1;10134520;699,00
08252;1;10089966;4766,00
08254;2;10135779;1038,00
08256;1;10007667;5346,00
08259;1;10032316;799,00
08260;1;10169526;2585,00
08263;1;10003629;3047,00
08266;2;10257566;3785,00
08270;2;10178721;2799,00
08274;3;10082549;3760,00
08275;3;10209283;1383,00
08279;1;10229209;2037,00
08282;1;10103103;2775,00
08283;3;10055237;3521,00
08284;1;10080548;2683,00
08287;3;10125215;5746,00
08290;2;10171628;555,00
08293;1;10011667;4828,00
08294;2;10094938;4646,00
08295;1;10240183;3161,00
08298;2;10231257;5630,00
08300;1;10170934;3888,00
08301;3;10190537;4620,00
08303;1;10088509;917,00
08307;3;10036808;4628,00
08309;2;10167980;1387,00
08310;1;10062515;3066,00
08313;2;10140959;1508,00
08316;2;10259935;5609,00
08319;1;10040472;126,00
08321;1;10038458;5360,00
08325;3;10102084;3327,00
08328;2;10191612;299,00
08332;3;10001275;3390,00
08334;2;10187101;3440,00
08337;1;10156182;3546,00
08340;1;10038879;5866,00
08343;3;10093810;5507,00
08345;3;10053559;268,00
08348;3;10254025;2668,00
08352;2;10225321;5773,00
08354;2;10265049;509,00
08358;1;10278600;773,00
08360;3;10135433;2417,00
08364;1;10038879;2076,00
08366;1;10085725;552,00
08369;1;10246072;1920,00
08371;3;10119978;2277,00
08375;3;10022619;5352,00
08376;1;10124229;2574,00
08380;1;10107483;1062,00
08384;1;10028581;2569,00
08386;1;10245108;1659,00
08390;1;10005605;2829,00
08392;1;10104420;1780,00
08393;1;10141407;2273,00
08394;1;10235135;809,00
08395;1;10162618;574,00
08398;3;10003089;5698,00
08400;2;10155153;3864,00
08402;3;10125443;684,00
08403;1;10071744;3385,00
08405;1;10116031;3069,00
08409;2;10209373;4831,00
08412;1;10092197;5844,00
08414;1;10063124;5350,00
08415;1;10080653;2588,00
08416;3;10173787;3260,00
08420;3;10096753;942,00
08423;1;10276860;1819,00
08424;1;10075043;221,00
08428;3;10158848;3487,00
08432;1;10242091;12,00
08433;1;10215358;360,00
08436;1;10257158;2239,00
08439;3;10240335;5723,00
08442;3;10148089;1385,00
08443;2;10094765;833,00
08445;1;10192102;4069,00
08449;3;10007268;3935,00
08453;3;10070779;1803,00
08455;1;10047025;1100,00
08459;1;10274000;3454,00
08461;3;10262912;3858,00
08464;2;10157841;4542,00
08467;1;10105561;905,00
08469;2;10145845;4030,00
08472;3;10037985;3026,00
08474;3;10151687;635,00
08476;2;10126069;1141,00
08478;3;10057524;2017,00
08479;3;10208650;813,00
08482;3;10172163;360,00
08485;2;10173161;5632,00
08486;1;10230930;316,00
08488;3;10058190;248,00
08491;1;10140858;1568,00
08492;1;10217720;4334,00
08496;1;10233022;371,00
08499;3;10273072;1815,00
08501;1;10040442;2247,00
08502;3;10046478;1574,00
08503;3;10102894;5523,00
08505;2;10020592;1472,00
08509;1;10254445;2299,00
08513;3;10214322;2303,00
08515;1;10105818;273,00
08518;2;10203782;3264,00
08519;1;10182082;4962,00
08522;1;10087339;1335,00
08524;1;10216499;1622,00
08527;3;10244331;5341,00
08528;1;10139875;2006,00
08532;1;10000626;4626,00
08534;2;10216791;5391,00
08535;3;10176613;4841,00
08539;2;10097305;2299,00
08543;1;10052859;716,00
08544;1;10240335;3140,00
08547;1;10070052;5891,00
08548;1;10160029;4376,00
08551;3;10096475;963,00
08555;1;10162674;4018,00
08559;1;10047702;5254,00
08563;1;10102781;5273,00
08566;3;10072845;1482,00
08568;3;10101706;456,00
08571;1;10208650;3134,00
08573;1;10056965;1359,00
08577;3;10209473;3977,00
08580;3;10104834;903,00
08583;3;10064868;4266,00
08586;2;10075043;2779,00
08590;2;10009580;3655,00
08592;1;10146173;256,00
08595;3;10106532;5948,00
08596;1;10094208;1795,00
08597;3;10220457;5230,00
08598;1;10105733;5633,00
08602;1;10187714;202,00
08605;3;10189311;2124,00
08606;3;10024100;2219,00
08607;1;10278015;1098,00
08609;3;10150108;4388,00
08612;3;10060591;5249,00
08615;3;10262283;5956,00
08619;1;10218719;2852,00
08622;3;10246580;5928,00
08626;1;10113092;3707,00
08629;1;10193106;1917,00
08632;1;10227177;2639,00
08635;2;10082096;339,00
08639;1;10049817;1296,00
08640;3;10262194;2890,00
08642;2;10239468;4977,00
08645;1;10021743;2018,00
08647;2;10079760;3151,00
08648;2;10241466;2021,00
08649;1;10156649;3759,00
08650;2;10193068;4618,00
08654;3;10099876;5070,00
08656;1;10060680;4638,00
08660;1;10184564;1991,00
08662;1;10103754;1280,00
08665;1;10052429;575,00
08669;3;10213223;1941,00
08672;3;10073826;4728,00
08676;1;10238680;5073,00
08680;3;10258786;3690,00
08682;2;10013292;2849,00
08686;3;10123521;3266,00
08687;1;10239996;5112,00
08690;3;10189076;3046,00
08693;1;10184771;2635,00
08696;2;10240183;5724,00
08699;2;10108972;637,00
08701;3;10278286;2626,00
08705;2;10101810;1489,00
08707;3;10151687;2726,00
08710;1;10036808;1333,00
08713;2;10216358;2068,00
08715;3;10030075;5377,00
08719;2;10236784;1544,00
08721;2;10003089;1985,00
08723;1;10067239;3191,00
08727;3;10066501;5181,00
08728;1;10269268;3270,00
08732;1;10134953;5356,00
08733;2;10135433;452,00
08736;2;10029940;4144,00
08740;1;10224928;3525,00
08743;2;10214183;324,00
08745;3;10135821;196,00
08747;3;10201534;1761,00
08749;1;10174029;4152,00
08751;3;10111173;4031,00
08753;1;10052429;3561,00
08755;1;10030229;1680,00
08756;1;10037343;5058,00
08760;3;10222064;218,00
08762;3;10187836;3256,00
08764;3;10130569;3395,00
08768;1;10140362;3874,00
08769;1;10124873;315,00
08770;1;10089594;5938,00
08771;3;10002670;2622,00
08775;3;10116567;1003,00
08776;1;10261443;3609,00
08777;1;10163626;2515,00
08780;2;10149873;3946,00
08782;2;10191997;1869,00
08785;1;10200503;5356,00
08789;1;10158042;3230,00
08793;1;10015605;1304,00
08796;3;10199300;5189,00
08798;3;10275150;1577,00
08801;3;10227177;2656,00
08805;3;10092451;5493,00
08807;1;10061597;3297,00
08811;3;10273072;5645,00
08813;1;10259935;4038,00
08816;2;10048004;5495,00
08818;3;10104834;5376,00
08820;3;10001084;3538,00
08821;1;10110368;4105,00
08822;2;10150605;3909,00
08824;2;10095369;3021,00
08826;1;10174273;3546,00
08827;1;10179688;5770,00
08830;2;10105291;1230,00
08833;3;10024644;467,00
08837;1;10139058;2567,00
08841;2;10077036;5277,00
08843;1;10039868;3195,00
08846;3;10234769;5090,00
08848;1;10246469;4078,00
08851;3;10193212;2212,00
08852;1;10158848;5151,00
08853;2;10105632;3055,00
08855;3;10143856;1816,00
08856;2;10231438;3100,00
08857;3;10074285;3450,00
08860;3;10236745;1020,00
08862;3;10083437;2461,00
08865;3;10060807;1182,00
08866;1;10235001;4628,00
08869;2;10136075;632,00
08871;3;10070883;3957,00
08872;3;10011740;3436,00
08873;2;10027486;4021,00
08877;1;10088416;984,00
08879;3;10057885;5887,00
08883;1;10039868;2226,00
08887;2;10227477;988,00
08888;1;10213181;3876,00
08890;2;10216744;3648,00
08892;2;10024514;386,00
08894;3;10238949;135,00
08895;1;10151687;1308,00
08899;1;10029154;5986,00
08903;1;10028926;677,00
08906;1;10107483;1092,00
08909;2;10181400;581,00
08911;3;10075959;20,00
08913;3;10266965;1564,00
08915;3;10030116;4429,00
08916;3;10070052;4036,00
08919;1;10227113;4066,00
08921;3;10230555;2439,00
08923;1;10154872;2658,00
08924;3;10196778;3387,00
08925;3;10214183;1750,00
08928;1;10123722;1139,00
08931;3;10153544;708,00
08932;3;10130021;2274,00
08933;3;10172195;3970,00
08934;2;10035207;4502,00
08936;2;10242863;1560,00
08939;3;10013292;171,00
08942;3;10080631;4313,00
08946;1;10150605;3237,00
08948;3;10052570;1935,00
08950;3;10102572;3251,00
08953;1;10014220;5676,00
08956;3;10129603;4113,00
08958;2;10072404;1701,00
08959;2;10074841;1024,00
08960;1;10022890;3513,00
08964;1;10249315;1817,00
08967;3;10060325;5162,00
08968;1;10203928;2274,00
08969;1;10259494;3527,00
08973;3;10230827;1902,00
08977;1;10004239;65,00
08981;1;10190076;4018,00
08982;1;10102781;1665,00
08984;1;10018218;242,00
08987;1;10147250;526,00
08989;2;10273276;3025,00
08991;1;10113092;2250,00
08995;3;10140959;1238,00
08999;2;10218245;338,00
09000;1;10260321;4114,00
09002;2;10274963;4728,00
09003;3;10070883;5607,00
09007;3;10220854;1599,00
09009;3;10102084;423,00
09010;1;10048712;2968,00
09012;1;10144138;3659,00
09014;3;10146065;2101,00
09016;3;10174360;5016,00
09017;1;10249009;2789,00
09019;3;10025602;2633,00
09023;2;10035857;2509,00
09026;1;10154662;1695,00
09030;3;10275307;4690,00
09032;1;10065608;5340,00
09034;2;10172384;4427,00
09037;3;10078970;1228,00
09041;1;10238003;3632,00
09043;1;10251560;5947,00
09047;3;10191129;1307,00
09050;1;10103588;5050,00
09054;1;10252742;2430,00
09058;3;10139058;447,00
09059;1;10214953;4541,00
09062;2;10255410;1645,00
09066;2;10054877;3041,00
09068;1;10028254;3111,00
09070;3;10255824;1342,00
09074;1;10083437;4707,00
09076;3;10148917;583,00
09078;2;10263320;1153,00
09080;2;10055701;5239,00
09084;1;10165238;218,00
09086;3;10061033;440,00
09089;1;10161951;2555,00
09090;1;10168854;4628,00
09093;3;10132933;3453,00
09094;3;10267973;4412,00
09095;1;10027711;2417,00
09096;1;10033899;3161,00
09099;1;10018865;2770,00
09101;1;10157841;2424,00
09103;1;10062006;63,00
09104;3;10178963;5261,00
09108;2;10002670;4209,00
09112;3;10032815;1977,00
09115;2;10123259;3202,00
09116;1;10228662;3021,00
09117;3;10210052;3846,00
09121;3;10087864;1377,00
09122;1;10230827;4416,00
09123;1;10278286;281,00
09127;1;10092648;5046,00
09130;3;10251777;5023,00
09134;1;10144138;4462,00
09138;2;10234769;2849,00
09139;2;10073691;3958,00
09140;3;10102894;1524,00
09143;2;10216858;1104,00
09147;3;10208600;3255,00
09149;2;10229877;1334,00
09151;3;10164247;5897,00
09154;3;10278600;5438,00
09155;1;10067239;4028,00
09156;2;10094938;1594,00
09160;2;10121332;1701,00
09161;1;10263686;5536,00
09162;1;10198303;4422,00
09166;2;10124346;1571,00
09169;3;10280392;2619,00
09172;1;10101062;2927,00
09175;1;10089708;5891,00
09177;3;10023740;1515,00
09178;3;10076335;869,00
09180;2;10250330;1487,00
09182;1;10080631;418,00
09186;2;10064091;1856,00
09190;2;10065257;4517,00
09192;1;10169526;536,00
09194;3;10229554;791,00
09195;3;10086258;3781,00
09198;1;10181400;2902,00
09201;3;10095988;91,00
09204;1;10029781;4257,00
09205;3;10091924;5322,00
09207;3;10024514;3727,00
09208;3;10246580;953,00
09209;1;10277841;1341,00
09210;1;10025016;2196,00
09212;1;10162345;2673,00
09216;3;10228177;4931,00
09220;2;10094765;4953,00
09221;1;10180701;2472,00
09224;2;10259208;1448,00
09228;2;10239194;4792,00
09230;3;10087725;1799,00
09231;2;10262407;1404,00
09235;3;10111573;471,00
09238;3;10008333;3861,00
09241;1;10259494;2323,00
09243;1;10271674;5926,00
09244;2;10028166;135,00
09246;1;10058767;5993,00
09248;1;10275865;5320,00
09249;2;10275150;1767,00
09250;1;10095988;133,00
09252;3;10217720;5418,00
09256;3;10126736;314,00
09258;3;10101632;5629,00
09261;3;10269827;5099,00
09265;1;10216358;4095,00
09266;2;10094938;1855,00
09267;3;10045540;3389,00
09271;1;10022677;3504,00
09272;1;10187381;4530,00
09274;2;10034953;2708,00
09276;1;10113972;1158,00
09277;3;10268549;1328,00
09280;1;10205061;4435,00
09284;1;10234357;3878,00
09286;3;10165358;2107,00
09289;1;10279778;659,00
09293;3;10265178;1959,00
09294;1;10094643;61,00
09295;1;10091077;3059,00
09299;3;10092816;4715,00
09301;2;10215358;5220,00
09302;3;10181454;3875,00
09306;2;10216022;4365,00
09307;1;10078548;4909,00
09308;1;10051837;4004,00
09312;3;10147632;4322,00
